%time,field.boxes0.header.seq,field.boxes0.header.stamp,field.boxes0.header.frame_id,field.boxes0.pose.position.x,field.boxes0.pose.position.y,field.boxes0.pose.position.z,field.boxes0.pose.orientation.x,field.boxes0.pose.orientation.y,field.boxes0.pose.orientation.z,field.boxes0.pose.orientation.w,field.boxes0.scale.x,field.boxes0.scale.y,field.boxes0.scale.z,field.boxes0.id,field.boxes0.pdf,field.boxes1.header.seq,field.boxes1.header.stamp,field.boxes1.header.frame_id,field.boxes1.pose.position.x,field.boxes1.pose.position.y,field.boxes1.pose.position.z,field.boxes1.pose.orientation.x,field.boxes1.pose.orientation.y,field.boxes1.pose.orientation.z,field.boxes1.pose.orientation.w,field.boxes1.scale.x,field.boxes1.scale.y,field.boxes1.scale.z,field.boxes1.id,field.boxes1.pdf,field.boxes2.header.seq,field.boxes2.header.stamp,field.boxes2.header.frame_id,field.boxes2.pose.position.x,field.boxes2.pose.position.y,field.boxes2.pose.position.z,field.boxes2.pose.orientation.x,field.boxes2.pose.orientation.y,field.boxes2.pose.orientation.z,field.boxes2.pose.orientation.w,field.boxes2.scale.x,field.boxes2.scale.y,field.boxes2.scale.z,field.boxes2.id,field.boxes2.pdf,field.boxes3.header.seq,field.boxes3.header.stamp,field.boxes3.header.frame_id,field.boxes3.pose.position.x,field.boxes3.pose.position.y,field.boxes3.pose.position.z,field.boxes3.pose.orientation.x,field.boxes3.pose.orientation.y,field.boxes3.pose.orientation.z,field.boxes3.pose.orientation.w,field.boxes3.scale.x,field.boxes3.scale.y,field.boxes3.scale.z,field.boxes3.id,field.boxes3.pdf,field.boxes4.header.seq,field.boxes4.header.stamp,field.boxes4.header.frame_id,field.boxes4.pose.position.x,field.boxes4.pose.position.y,field.boxes4.pose.position.z,field.boxes4.pose.orientation.x,field.boxes4.pose.orientation.y,field.boxes4.pose.orientation.z,field.boxes4.pose.orientation.w,field.boxes4.scale.x,field.boxes4.scale.y,field.boxes4.scale.z,field.boxes4.id,field.boxes4.pdf,field.boxes5.header.seq,field.boxes5.header.stamp,field.boxes5.header.frame_id,field.boxes5.pose.position.x,field.boxes5.pose.position.y,field.boxes5.pose.position.z,field.boxes5.pose.orientation.x,field.boxes5.pose.orientation.y,field.boxes5.pose.orientation.z,field.boxes5.pose.orientation.w,field.boxes5.scale.x,field.boxes5.scale.y,field.boxes5.scale.z,field.boxes5.id,field.boxes5.pdf,field.boxes6.header.seq,field.boxes6.header.stamp,field.boxes6.header.frame_id,field.boxes6.pose.position.x,field.boxes6.pose.position.y,field.boxes6.pose.position.z,field.boxes6.pose.orientation.x,field.boxes6.pose.orientation.y,field.boxes6.pose.orientation.z,field.boxes6.pose.orientation.w,field.boxes6.scale.x,field.boxes6.scale.y,field.boxes6.scale.z,field.boxes6.id,field.boxes6.pdf,field.boxes7.header.seq,field.boxes7.header.stamp,field.boxes7.header.frame_id,field.boxes7.pose.position.x,field.boxes7.pose.position.y,field.boxes7.pose.position.z,field.boxes7.pose.orientation.x,field.boxes7.pose.orientation.y,field.boxes7.pose.orientation.z,field.boxes7.pose.orientation.w,field.boxes7.scale.x,field.boxes7.scale.y,field.boxes7.scale.z,field.boxes7.id,field.boxes7.pdf,field.boxes8.header.seq,field.boxes8.header.stamp,field.boxes8.header.frame_id,field.boxes8.pose.position.x,field.boxes8.pose.position.y,field.boxes8.pose.position.z,field.boxes8.pose.orientation.x,field.boxes8.pose.orientation.y,field.boxes8.pose.orientation.z,field.boxes8.pose.orientation.w,field.boxes8.scale.x,field.boxes8.scale.y,field.boxes8.scale.z,field.boxes8.id,field.boxes8.pdf,field.pose.pose.position.x,field.pose.pose.position.y,field.pose.pose.position.z,field.pose.pose.orientation.w,field.pose.covariance0,field.pose.covariance1,field.pose.covariance2,field.pose.covariance3,field.pose.covariance4,field.pose.covariance5,field.pose.covariance6,field.pose.covariance7,field.pose.covariance8,field.pose.covariance9,field.pose.covariance10,field.pose.covariance11,field.pose.covariance12,field.pose.covariance13,field.pose.covariance14,field.pose.covariance15,field.pose.covariance16,field.pose.covariance17,field.pose.covariance18,field.pose.covariance19,field.pose.covariance20,field.pose.covariance21,field.pose.covariance22,field.pose.covariance23,field.pose.covariance24,field.pose.covariance25,field.pose.covariance26,field.pose.covariance27,field.pose.covariance28,field.pose.covariance29,field.pose.covariance30,field.pose.covariance31,field.pose.covariance32,field.pose.covariance33,field.pose.covariance34,field.pose.covariance35,field.buttons0,field.buttons1,field.buttons2,field.buttons3,intersection_length,vacuum,desired_box
0.0,0,1735643777088230371,map,0.981200481491526,-0.2210616766962551,0.0225176137285793,-0.5470948598596199,0.7056978948650076,-0.352215983069839,0.2803954292930362,0.0,0.0,0.0,1,0.1111111119389534,0,1735643777088253974,map,0.9742011518064072,-0.2488374131875755,0.150626599545552,-0.5358156305435099,0.4896750101277938,-0.4570538965227652,0.5140250287631556,0.0,0.0,0.0,16,0.1111111119389534,0,1735643777088270664,map,0.9807419170531012,0.0553575456566236,0.0279040460525981,-0.4841025685576373,0.4993623718004764,-0.5034381822726205,0.5126713580606391,0.0,0.0,0.0,17,0.1111111119389534,0,1735643777088284730,map,1.003734771837942,-0.2537782747326747,0.2384651806293134,-0.4045319997133043,0.598396113966308,-0.5598171543570346,0.4060550525305262,0.0,0.0,0.0,121,0.1111111119389534,0,1735643777088297367,map,1.00874141196356,0.2132302112672398,0.2438260371782897,-0.5069862099461375,0.491420061966814,-0.4939330277239646,0.5074460264347534,0.0,0.0,0.0,122,0.1111111119389534,0,1735643777088310956,map,1.0031540366090823,0.2102518170650126,0.1455302031147799,-0.4884043341983692,0.5005650963687461,-0.4753525075786252,0.5337937655802176,0.0,0.0,0.0,124,0.1111111119389534,0,1735643777088322877,map,0.996018220358784,-0.0238691921599399,0.2439654942655093,-0.4753991862003833,0.5257868228208129,-0.5215623024831864,0.4748858761180897,0.0,0.0,0.0,125,0.1111111119389534,0,1735643777088343858,map,0.9930030707888002,-0.0193465809822406,0.1475059630221987,0.4799242675004271,-0.5079159923960694,0.5265439447122672,-0.4841957418434606,0.0,0.0,0.0,126,0.1111111119389534,0,1735644242188269615,map,0.9732822750558732,0.3275442375301803,0.0286218994455381,-0.4885997207751324,0.4936496137383498,-0.4935551660051538,0.5234344943009255,0.0,0.0,0.0,0,0.1111111119389534,0.8987464820696316,-0.5210461208471013,0.8333142577808408,1.0,0.0,0.0,0.0,0.0,0.0,0.0,0.0,0.0,0.0,0.0,0.0,0.0,0.0,0.0,0.0,0.0,0.0,0.0,0.0,0.0,0.0,0.0,0.0,0.0,0.0,0.0,0.0,0.0,0.0,0.0,0.0,0.0,0.0,0.0,0.0,0.0,0,0,0,1,1,,121
0.099518827,0,1735643777088230371,map,0.9770696242639416,-0.2211427775596021,0.0247124388600944,-0.4985058737189506,0.4907584220705821,-0.491191685802071,0.5190171411749487,0.0,0.0,0.0,1,0.0,0,1735643777088253974,map,0.9752657026686898,-0.2491996373354084,0.1513841254169098,-0.5235771175159724,0.4849856913889514,-0.4680165175362802,0.5211683225934385,0.0,0.0,0.0,16,0.0,0,1735643777088270664,map,0.9855174023704586,0.0568335326609144,0.0273307604959461,-0.4996005100519528,0.5044856988386331,-0.4943481780704931,0.5015111054219121,0.0,0.0,0.0,17,0.0,0,1735643777088284730,map,1.013800468771444,-0.2561319667982187,0.2392474922369321,0.4296341074135733,-0.5134310366371521,0.5609161378792306,-0.4870073825223693,0.0,0.0,0.0,121,0.0,0,1735643777088297367,map,1.012202134888549,0.2149693721100797,0.2443863597348757,-0.5085425496126085,0.4955650278764482,-0.4915708154390883,0.5041407658460801,0.0,0.0,0.0,122,0.0,0,1735643777088310956,map,1.0032342639491274,0.20962523635137,0.1461668226638682,-0.4761938487000091,0.4997196265030197,-0.4888880418453347,0.533393096963758,0.0,0.0,0.0,124,0.0,0,1735643777088322877,map,0.9980646780001248,-0.0241410755239384,0.2445519573627998,-0.4757737600831446,0.5267005823940003,-0.5212258969575487,0.4738664263935206,0.0,0.0,0.0,125,0.0,0,1735643777088343858,map,0.9936747345481454,-0.0198019192331976,0.148105417555876,0.4793278301705904,-0.5005556309303363,0.5281192888800357,-0.490692274527256,0.0,0.0,0.0,126,0.0,0,1735644242188269615,map,0.9732822750558732,0.3275442375301803,0.0286218994455381,-0.4885997207751324,0.4936496137383498,-0.4935551660051538,0.5234344943009255,0.0,0.0,0.0,0,0.0,0.901622982282854,-0.512287779545651,0.7883284559392179,1.0,8.274253476668126e-06,2.5193370621095944e-05,-0.0001294016685894,0.0,0.0,0.0,2.5193370621095944e-05,7.670854235269132e-05,-0.0003940010062483,0.0,0.0,0.0,-0.0001294016685894,-0.0003940010062483,0.0020237223673337,0.0,0.0,0.0,0.0,0.0,0.0,0.0,0.0,0.0,0.0,0.0,0.0,0.0,0.0,0.0,0.0,0.0,0.0,0.0,0.0,0.0,0,0,0,1,2,,121
0.198816476,0,1735643777088230371,map,0.97660112327206,-0.2216322642162057,0.0261244106180617,0.4777393818620467,-0.5050798103017087,0.522152301500143,-0.4939802043419993,0.0,0.0,0.0,1,0.0,0,1735643777088253974,map,0.9749080410960408,-0.2496750491631071,0.1532407629673968,-0.4445070503663409,0.6753944496012856,-0.4898981608539594,0.3259687279698776,0.0,0.0,0.0,16,0.0,0,1735643777088270664,map,0.9881384587569464,0.0563858110434649,0.0280273062147573,-0.4867163098251469,0.4942215158586466,-0.4994697160920869,0.5190205484559005,0.0,0.0,0.0,17,0.0,0,1735643777088284730,map,1.0103328972610568,-0.2563445420149914,0.240494674613318,-0.4953355136343567,0.5044114668758878,-0.4869102560997272,0.512962185274511,0.0,0.0,0.0,121,0.0,0,1735643777088297367,map,1.0150797309761976,0.2156103478772633,0.2454071830322575,-0.5079025268591768,0.4965723200266467,-0.4919641110377371,0.5034106352117188,0.0,0.0,0.0,122,0.0,0,1735643777088310956,map,1.003805640533041,0.208987516942842,0.1474602675878606,-0.4722908614521454,0.5005660766714809,-0.4952999807033039,0.5301442013167917,0.0,0.0,0.0,124,0.0,0,1735643777088322877,map,1.0008089069062047,-0.0242734133719619,0.2456430763495926,0.5053161412320766,-0.5020862442840556,0.4935545130761309,-0.4989678780575352,0.0,0.0,0.0,125,0.0,0,1735643777088343858,map,1.008795589208597,-0.0176497217299503,0.1471942983977851,-0.5336811550203355,0.4773564999119624,-0.4669012516072374,0.5189589752721856,0.0,0.0,0.0,126,0.0,0,1735644242188269615,map,0.9732822750558732,0.3275442375301803,0.0286218994455381,-0.4885997207751324,0.4936496137383498,-0.4935551660051538,0.5234344943009255,0.0,0.0,0.0,0,0.0,0.9043411938317109,-0.5161251311763456,0.7483829529169164,1.0,2.0293517033124604e-05,-4.06588662509496e-06,-0.0003034284343398,0.0,0.0,0.0,-4.06588662509496e-06,8.058956331031736e-05,4.390254482419478e-05,0.0,0.0,0.0,-0.0003034284343398,4.390254482419478e-05,0.0045404346682985,0.0,0.0,0.0,0.0,0.0,0.0,0.0,0.0,0.0,0.0,0.0,0.0,0.0,0.0,0.0,0.0,0.0,0.0,0.0,0.0,0.0,0,0,0,1,3,,121
0.299914362,0,1735643777088230371,map,0.975104190320366,-0.221589067788449,0.0254904320868971,-0.4907962581133752,0.4836258513719224,-0.4966689061020405,0.5277736888270336,0.0,0.0,0.0,1,0.0,0,1735643777088253974,map,0.981257407388398,-0.2508481249811724,0.1505683128437688,-0.5058756843900751,0.5085518047569408,-0.4920521157929127,0.4933047426946648,0.0,0.0,0.0,16,0.0,0,1735643777088270664,map,0.9910538177435791,0.058204856939685,0.0252329664731467,-0.5026525347359635,0.5018719176122437,-0.4914575402818845,0.5039191341235223,0.0,0.0,0.0,17,0.0,0,1735643777088284730,map,1.00770472803076,-0.2561943815408583,0.240383284651344,0.3933801634763271,-0.5537518224775074,0.5943294226437384,-0.430561846273143,0.0,0.0,0.0,121,0.0,0,1735643777088297367,map,1.0106960399993743,0.2127595171956437,0.2455752051860499,0.5051245378208479,-0.5031996942719765,0.4972014331798755,-0.4943986284565742,0.0,0.0,0.0,122,0.0,0,1735643777088310956,map,1.0076375160474191,0.2107303328020484,0.1470491754708915,-0.4803058575468059,0.5046901982732843,-0.4871024592109696,0.5266168257886616,0.0,0.0,0.0,124,0.0,0,1735643777088322877,map,1.002872124637768,-0.0243244062638683,0.2462495098631527,-0.5096304277202055,0.5431527494844895,-0.4848397826735193,0.4584673412646247,0.0,0.0,0.0,125,0.0,0,1735643777088343858,map,0.9986170060102406,-0.0200883882002883,0.1490405701471494,0.4788616508089302,-0.501271697377039,0.5277279526499271,-0.4908374606580111,0.0,0.0,0.0,126,0.0,0,1735644242188269615,map,0.9732822750558732,0.3275442375301803,0.0286218994455381,-0.4885997207751324,0.4936496137383498,-0.4935551660051538,0.5234344943009255,0.0,0.0,0.0,0,0.0,0.9065800716828332,-0.5156146660251567,0.7147042232714478,1.0,3.025785987158027e-05,3.791923934787716e-07,-0.0004537790113264,0.0,0.0,0.0,3.791923934787716e-07,6.122389649447305e-05,-1.86485448428303e-05,0.0,0.0,0.0,-0.0004537790113264,-1.86485448428303e-05,0.0068080964928216,0.0,0.0,0.0,0.0,0.0,0.0,0.0,0.0,0.0,0.0,0.0,0.0,0.0,0.0,0.0,0.0,0.0,0.0,0.0,0.0,0.0,0,0,0,1,4,,121
0.399470039,0,1735643777088230371,map,0.9733983838363252,-0.2217266151027553,0.0258076983285098,-0.4840198263288908,0.4814766302814213,-0.4988901421726118,0.5338667326743529,0.0,0.0,0.0,1,0.0,0,1735643777088253974,map,0.986534607588094,-0.2521474753161843,0.1493177422551702,-0.5054195517360417,0.5081645211165718,-0.4922018242534999,0.4940215181576914,0.0,0.0,0.0,16,0.0,0,1735643777088270664,map,0.9742647561719916,0.0521345645858165,0.0310648772692897,-0.4714973044763259,0.4992096383776054,-0.5099743843659011,0.5180792951982152,0.0,0.0,0.0,17,0.0,0,1735643777088284730,map,1.0097576116645304,-0.2560085558994989,0.2382523676221082,0.400635668161895,-0.5530559046274123,0.5875834670516293,-0.4340114019248958,0.0,0.0,0.0,121,0.0,0,1735643777088297367,map,1.00621253234371,0.2119563839504613,0.2432076772337593,-0.5020185370197918,0.4955061081527487,-0.4967417673039596,0.5056665916268974,0.0,0.0,0.0,122,0.0,0,1735643777088310956,map,1.0005498401928992,0.20858862291762,0.1458194370962699,-0.4772096449070955,0.5002668870918265,-0.4929231322061457,0.5282336435926628,0.0,0.0,0.0,124,0.0,0,1735643777088322877,map,1.0087444746898582,-0.0222315768133234,0.2440387495961813,0.4922007659024247,-0.507745920089705,0.5083913277539215,-0.4913967282572505,0.0,0.0,0.0,125,0.0,0,1735643777088343858,map,0.9937263391824458,-0.020204864558902,0.1472840956344955,0.4659188247328167,-0.4901459810722047,0.5442092910806414,-0.4965005674718435,0.0,0.0,0.0,126,0.0,0,1735644242188269615,map,0.9732822750558732,0.3275442375301803,0.0286218994455381,-0.4885997207751324,0.4936496137383498,-0.4935551660051538,0.5234344943009255,0.0,0.0,0.0,0,0.0,0.9099867823852056,-0.5129265959416047,0.6630534715069105,1.0,7.062899913590127e-05,3.69332624042387e-05,-0.0010668598843484,0.0,0.0,0.0,3.69332624042387e-05,7.788200029192752e-05,-0.0005702821983191,0.0,0.0,0.0,-0.0010668598843484,-0.0005702821983191,0.0161176778256247,0.0,0.0,0.0,0.0,0.0,0.0,0.0,0.0,0.0,0.0,0.0,0.0,0.0,0.0,0.0,0.0,0.0,0.0,0.0,0.0,0.0,0,0,0,1,5,,121
0.500847435,0,1735643777088230371,map,0.9737252179655764,-0.2221138358881889,0.0257176258907913,-0.4897048743470499,0.4947788419179419,-0.5072694675283094,0.5079967725730405,0.0,0.0,0.0,1,3.722962482051687e-26,0,1735643777088253974,map,0.9818660112105868,-0.2517065917768769,0.1503121826844659,-0.483873049479998,0.4912690918975833,-0.5097440968293243,0.5144730382446755,0.0,0.0,0.0,16,3.404720385272521e-22,0,1735643777088270664,map,0.9889653064683954,0.0574659994802664,0.0255650292520875,-0.4943237350646898,0.4936631293297827,-0.492849093035618,0.5186911713013719,0.0,0.0,0.0,17,0.0,0,1735643777088284730,map,1.0108355180950284,-0.2563333639127193,0.2379236597397852,0.446871502723155,-0.5051956367700671,0.5432317242174398,-0.4999825221407074,0.0,0.0,0.0,121,5.2255834524177e-23,0,1735643777088297367,map,1.0098476520504185,0.2145640258157333,0.2430385138279475,-0.4903486802938076,0.4905720546128821,-0.5097329304272019,0.5089887725727491,0.0,0.0,0.0,122,0.0,0,1735643777088310956,map,1.0054245804704198,0.2118170707062302,0.1446516649518042,-0.4838511160317524,0.5060790098499425,-0.4799511339113687,0.5286010237989716,0.0,0.0,0.0,124,0.0,0,1735643777088322877,map,0.9975012145464228,-0.0243958354792897,0.2437285488228774,0.4935437908325167,-0.5042830244953739,0.5058302150882694,-0.496234774315769,0.0,0.0,0.0,125,0.0,0,1735643777088343858,map,1.00230458588034,-0.0183283803084293,0.1460312863492024,0.7164867704428137,-0.4383617944299917,0.2893110200097384,-0.4591130347370562,0.0,0.0,0.0,126,0.0,0,1735644242188269615,map,0.9732822750558732,0.3275442375301803,0.0286218994455381,-0.4885997207751324,0.4936496137383498,-0.4935551660051538,0.5234344943009255,0.0,0.0,0.0,0,0.0,0.9129085797922676,-0.5004638019730973,0.6166041307267743,1.0,0.0001015419997194,0.0002128465141798,-0.0015676277208794,0.0,0.0,0.0,0.0002128465141798,0.0008415078344172,-0.0033696779858451,0.0,0.0,0.0,-0.0015676277208794,-0.0033696779858451,0.0242191044825667,0.0,0.0,0.0,0.0,0.0,0.0,0.0,0.0,0.0,0.0,0.0,0.0,0.0,0.0,0.0,0.0,0.0,0.0,0.0,0.0,0.0,0,0,0,1,6,,121
0.599680914,0,1735643777088230371,map,0.9793680072689545,-0.2223422906820274,0.0252691314933957,-0.4827386793245477,0.5121299715538795,-0.5110748923246323,0.4934457560417152,0.0,0.0,0.0,1,2.0380673504405422e-06,0,1735643777088253974,map,0.9728815363377332,-0.2505350131151277,0.1537634570964846,-0.4981944355544515,0.4644162704221624,-0.4829439339582625,0.5503498785342539,0.0,0.0,0.0,16,1.7533850041218102e-05,0,1735643777088270664,map,0.9882533773060748,0.057234952917272,0.0271572264824,-0.4882949566416383,0.5048788293753175,-0.5011987901362773,0.5054356296630482,0.0,0.0,0.0,17,4.064329115153158e-35,0,1735643777088284730,map,1.0046972823437568,-0.2550383863915333,0.2395334253430245,-0.4337775185605527,0.6041207565158417,-0.5245044130545651,0.4144518025349419,0.0,0.0,0.0,121,1.0134691365237812e-05,0,1735643777088297367,map,1.0008679465641364,0.209983784159636,0.244693190789222,-0.4925676046671053,0.4941810633547612,-0.5082400153552337,0.5048309798791869,0.0,0.0,0.0,122,0.0,0,1735643777088310956,map,0.9968511498341346,0.2073322409199098,0.1472994685640822,-0.4750063904452078,0.5033952984275922,-0.4930991216932416,0.5270819279225615,0.0,0.0,0.0,124,0.0,0,1735643777088322877,map,1.0057663376506902,-0.0219227331038598,0.2444762554543607,-0.4867507213205124,0.5190430497748901,-0.5130675586608808,0.4800309656929495,0.0,0.0,0.0,125,3.6932282614925865e-29,0,1735643777088343858,map,1.0009390987446327,-0.0178864297960094,0.1469727902644287,-0.4728919666012516,0.4830894291043644,-0.5324002030955012,0.5094583546821948,0.0,0.0,0.0,126,3.707101216364494e-27,0,1735644242188269615,map,0.9732822750558732,0.3275442375301803,0.0286218994455381,-0.4885997207751324,0.4936496137383498,-0.4935551660051538,0.5234344943009255,0.0,0.0,0.0,0,0.0,0.9148055139481602,-0.4826933150460441,0.5843982244326601,1.0,0.0001086261549103,0.0003846965310096,-0.0017102358056356,0.0,0.0,0.0,0.0003846965310096,0.0026160336632479,-0.0063221832370794,0.0,0.0,0.0,-0.0017102358056356,-0.0063221832370794,0.0269825548149802,0.0,0.0,0.0,0.0,0.0,0.0,0.0,0.0,0.0,0.0,0.0,0.0,0.0,0.0,0.0,0.0,0.0,0.0,0.0,0.0,0.0,0,0,0,1,7,,121
0.699413206,0,1735643777088230371,map,0.9811231964788028,-0.2221481702293582,0.0235374528845233,-0.4800680283732244,0.503577917295656,-0.507191081175504,0.5086267556096882,0.0,0.0,0.0,1,0.0015069937799125,0,1735643777088253974,map,0.9759427950126178,-0.2504512918636389,0.1525212464327929,-0.5065495528837158,0.4645572894551113,-0.4841102397679446,0.5415084034798079,0.0,0.0,0.0,16,0.0056767268106341,0,1735643777088270664,map,0.9832626573478632,0.0569994867224089,0.0282692862991736,-0.484312597564945,0.498787425037586,-0.4979809567439975,0.5183313411174387,0.0,0.0,0.0,17,1.6353594970307772e-20,0,1735643777088284730,map,1.0037499136960597,-0.254387936204405,0.2391789694834586,-0.4766440003305078,0.6261991636186348,-0.4752465616303268,0.3934791101072648,0.0,0.0,0.0,121,0.0037594544701278,0,1735643777088297367,map,1.007368762951138,0.2169939345674896,0.24357165922221,0.5008478297488924,-0.4977539028642904,0.5015211311773086,-0.4998690414516824,0.0,0.0,0.0,122,0.0,0,1735643777088310956,map,1.001118197568328,0.2126194161318928,0.1455662943068399,-0.4825892715392522,0.5007491609723594,-0.483425452061817,0.5316556263969373,0.0,0.0,0.0,124,7.567011707354012e-44,0,1735643777088322877,map,0.9985689126153384,-0.0218957633749244,0.244330842643927,-0.4878632327454623,0.5176442246366706,-0.5123572790698107,0.4811693479635076,0.0,0.0,0.0,125,5.549329736491648e-18,0,1735643777088343858,map,1.0087756438048634,-0.0159190311838956,0.1456161038937526,0.5050362308163043,-0.4943665366608738,0.5013587019530973,-0.4991789107811933,0.0,0.0,0.0,126,3.383526576762098e-16,0,1735644242188269615,map,0.9732822750558732,0.3275442375301803,0.0286218994455381,-0.4885997207751324,0.4936496137383498,-0.4935551660051538,0.5234344943009255,0.0,0.0,0.0,0,0.0,0.9167049422172258,-0.4648177713703779,0.5521326769889005,1.0,0.0001203026797918,0.0005742826555107,-0.001925458980452,0.0,0.0,0.0,0.0005742826555107,0.0045257748872464,-0.0095692597502959,0.0,0.0,0.0,-0.001925458980452,-0.0095692597502959,0.0308971943260262,0.0,0.0,0.0,0.0,0.0,0.0,0.0,0.0,0.0,0.0,0.0,0.0,0.0,0.0,0.0,0.0,0.0,0.0,0.0,0.0,0.0,0,0,0,1,8,,121
0.799195712,0,1735643777088230371,map,0.9738350859741672,-0.2217254795117963,0.0255579725903037,-0.6181597856598052,0.7147355458042779,-0.241151159822063,0.2210830094633196,0.0,0.0,0.0,1,0.0127457715570926,0,1735643777088253974,map,0.9876692876709532,-0.2522824827418777,0.1483202487846291,0.5071643170574804,-0.5046896772022627,0.489529919661882,-0.4984306802203557,0.0,0.0,0.0,16,0.048182874917984,0,1735643777088270664,map,0.9886208005067688,0.0590167112895455,0.0243101612336192,-0.4912701355562117,0.4971632336646844,-0.4945553301339238,0.516621136267943,0.0,0.0,0.0,17,7.814898088463058e-14,0,1735643777088284730,map,1.005208959523808,-0.2548932292741274,0.2373320143171133,-0.5202943620259808,0.5506295820806627,-0.4521905746260941,0.4707701396658194,0.0,0.0,0.0,121,0.0430249311029911,0,1735643777088297367,map,1.007368762951138,0.2169939345674896,0.24357165922221,0.5008478297488924,-0.4977539028642904,0.5015211311773086,-0.4998690414516824,0.0,0.0,0.0,122,1.1524394799907119e-35,0,1735643777088310956,map,0.9985503126868988,0.2115563670945177,0.1443768079644663,-0.4773208762087606,0.5045877352598916,-0.4935438432231561,0.5234218885154791,0.0,0.0,0.0,124,3.1496503615452287e-31,0,1735643777088322877,map,1.0082659783404393,-0.0192788448595832,0.2422339243544867,0.508443450749042,-0.5042187153118669,0.4904125024897559,-0.4967336528980011,0.0,0.0,0.0,125,1.0806772143823196e-12,0,1735643777088343858,map,1.006418346935277,-0.0145957423149683,0.1430273143486727,-0.5096189761943165,0.4997120709207697,-0.4902603782200631,0.5002210579596309,0.0,0.0,0.0,126,4.969239603136444e-11,0,1735644242188269615,map,0.9732822750558732,0.3275442375301803,0.0286218994455381,-0.4885997207751324,0.4936496137383498,-0.4935551660051538,0.5234344943009255,0.0,0.0,0.0,0,4.5889722109709104e-41,0.9181106052937884,-0.447961099913821,0.5274865699924891,1.0,0.0001227428248489,0.0007000318768469,-0.001988672074422,0.0,0.0,0.0,0.0007000318768469,0.0062960899916401,-0.0118296192935029,0.0,0.0,0.0,-0.001988672074422,-0.0118296192935029,0.0323236174548739,0.0,0.0,0.0,0.0,0.0,0.0,0.0,0.0,0.0,0.0,0.0,0.0,0.0,0.0,0.0,0.0,0.0,0.0,0.0,0.0,0.0,0,0,0,1,9,,121
0.899316038,0,1735643777088230371,map,0.9744456640890956,-0.2222514028648036,0.0267364052060429,-0.6147442035550483,0.7204190176649782,-0.2411625693623901,0.2119590015088482,0.0,0.0,0.0,1,0.0251134987920522,0,1735643777088253974,map,0.9727294134640156,-0.2506308109887887,0.1535299862489062,-0.4919780999438148,0.4792704357575414,-0.4985144071109676,0.5289052698614856,0.0,0.0,0.0,16,0.10970139503479,0,1735643777088270664,map,0.9841932526932696,0.0577113963233162,0.0272218569887863,-0.5027371243063657,0.4920272246136005,-0.486889075914903,0.5177872360708939,0.0,0.0,0.0,17,1.994135079286252e-09,0,1735643777088284730,map,1.0006087960334564,-0.2545426332212748,0.2388366271612861,-0.4887270552603747,0.5202639233675739,-0.4889445545843257,0.5014025708360875,0.0,0.0,0.0,121,0.1426242291927337,0,1735643777088297367,map,1.007368762951138,0.2169939345674896,0.24357165922221,0.5008478297488924,-0.4977539028642904,0.5015211311773086,-0.4998690414516824,0.0,0.0,0.0,122,8.779537465210249e-26,0,1735643777088310956,map,0.9985503126868988,0.2115563670945177,0.1443768079644663,-0.4773208762087606,0.5045877352598916,-0.4935438432231561,0.5234218885154791,0.0,0.0,0.0,124,3.5491786137205103e-22,0,1735643777088322877,map,0.996549949866457,-0.0225039288559083,0.2443013299693177,-0.6642864812312861,0.3595201352576304,-0.302944218669789,0.5811140538416214,0.0,0.0,0.0,125,9.249771615316147e-09,0,1735643777088343858,map,0.9953475018389588,-0.0172212891636543,0.1463431826099533,0.4954821436841434,-0.5012009829035048,0.5101614093761082,-0.4929810913312087,0.0,0.0,0.0,126,1.661299791066995e-07,0,1735644242188269615,map,0.9732822750558732,0.3275442375301803,0.0286218994455381,-0.4885997207751324,0.4936496137383498,-0.4935551660051538,0.5234344943009255,0.0,0.0,0.0,0,4.6379977096100517e-29,0.9190767607417412,-0.4317541306396294,0.5095681799122997,1.0,0.0001188696495105,0.0007709547540938,-0.0019456124187305,0.0,0.0,0.0,0.0007709547540938,0.0080304736699674,-0.0132602825414061,0.0,0.0,0.0,-0.0019456124187305,-0.0132602825414061,0.031980874036979,0.0,0.0,0.0,0.0,0.0,0.0,0.0,0.0,0.0,0.0,0.0,0.0,0.0,0.0,0.0,0.0,0.0,0.0,0.0,0.0,0.0,0,0,0,1,10,,121
0.999298232,0,1735643777088230371,map,0.9715883654741756,-0.2210425180126315,0.0258780361328455,-0.4744851117581191,0.4953481631620107,-0.5196085459730702,0.5094124408803329,0.0,0.0,0.0,1,0.0264468025416135,0,1735643777088253974,map,0.9741821455104422,-0.2503146617677966,0.1519976610755408,-0.4820353228614609,0.4812112315856737,-0.5061992491636815,0.528999072074584,0.0,0.0,0.0,16,0.1534082293510437,0,1735643777088270664,map,0.9814564872189198,0.058800560199728,0.026807155622085,-0.4894491278875973,0.4974882343936727,-0.4984503754498442,0.5142880817828134,0.0,0.0,0.0,17,8.892630830814596e-06,0,1735643777088284730,map,0.9961131987721956,-0.2532787663335614,0.2386844069135848,-0.4793099680819634,0.6232240544475841,-0.4787839651777652,0.3906656462294042,0.0,0.0,0.0,121,0.2935685813426971,0,1735643777088297367,map,1.007368762951138,0.2169939345674896,0.24357165922221,0.5008478297488924,-0.4977539028642904,0.5015211311773086,-0.4998690414516824,0.0,0.0,0.0,122,4.635288806873448e-16,0,1735643777088310956,map,0.9985503126868988,0.2115563670945177,0.1443768079644663,-0.4773208762087606,0.5045877352598916,-0.4935438432231561,0.5234218885154791,0.0,0.0,0.0,124,1.4376207743780486e-13,0,1735643777088322877,map,0.9964909206060564,-0.0196383545483733,0.2436857722743416,-0.5186587319582585,0.5218964421500104,-0.4806474354341564,0.4770694564161287,0.0,0.0,0.0,125,2.020280408032704e-05,0,1735643777088343858,map,0.9899809139755532,-0.016386819674938,0.1465286076225787,-0.4952565561770936,0.4938293608137169,-0.5091626763164837,0.5016043012257334,0.0,0.0,0.0,126,0.0001364863419439,0,1735644242188269615,map,0.9732822750558732,0.3275442375301803,0.0286218994455381,-0.4885997207751324,0.4936496137383498,-0.4935551660051538,0.5234344943009255,0.0,0.0,0.0,0,1.032477079857461e-17,0.9198621216655016,-0.412682628071836,0.4937541965622975,1.0,0.0001142312355425,0.0008506480870085,-0.0018929354082032,0.0,0.0,0.0,0.0008506480870085,0.0109376527109948,-0.0150707665510352,0.0,0.0,0.0,-0.0018929354082032,-0.0150707665510352,0.0315743425457405,0.0,0.0,0.0,0.0,0.0,0.0,0.0,0.0,0.0,0.0,0.0,0.0,0.0,0.0,0.0,0.0,0.0,0.0,0.0,0.0,0.0,0,0,0,1,11,,121
1.09918685,0,1735643777088230371,map,0.9700330076794128,-0.2203262350714066,0.0259113553538059,-0.4847538575126414,0.4842084250458835,-0.4974324879016634,0.5320872284890513,0.0,0.0,0.0,1,0.0206467527896165,0,1735643777088253974,map,0.9710492555817924,-0.249164527456617,0.1522564500999682,-0.508011483356901,0.4837135024716703,-0.4776403598943292,0.5289662247290712,0.0,0.0,0.0,16,0.1539603620767593,0,1735643777088270664,map,0.9732599258456998,0.0564571203347001,0.0297015006844143,-0.4792175989485282,0.4877179905751325,-0.4970922367431161,0.5342105977019627,0.0,0.0,0.0,17,0.0010415521683171,0,1735643777088284730,map,0.9923637960281776,-0.2520083145791853,0.2382931513862214,-0.4756737341377026,0.6456467926819017,-0.4666702600132401,0.3729525253571055,0.0,0.0,0.0,121,0.3827517926692962,0,1735643777088297367,map,1.007368762951138,0.2169939345674896,0.24357165922221,0.5008478297488924,-0.4977539028642904,0.5015211311773086,-0.4998690414516824,0.0,0.0,0.0,122,5.029076044493762e-10,0,1735643777088310956,map,0.9985503126868988,0.2115563670945177,0.1443768079644663,-0.4773208762087606,0.5045877352598916,-0.4935438432231561,0.5234218885154791,0.0,0.0,0.0,124,2.4314463331620573e-08,0,1735643777088322877,map,0.9926482723469774,-0.0194552348512501,0.242966598581992,-0.5017232208647173,0.5140949145636455,-0.4983931041851862,0.4853705204949989,0.0,0.0,0.0,125,0.0022160466760396,0,1735643777088343858,map,0.9903729792591152,-0.0148656764910172,0.1454592407228041,-0.4887381786621778,0.4809104976429774,-0.5106688264138863,0.5187267447354387,0.0,0.0,0.0,126,0.0060208886861801,0,1735644242188269615,map,0.9732822750558732,0.3275442375301803,0.0286218994455381,-0.4885997207751324,0.4936496137383498,-0.4935551660051538,0.5234344943009255,0.0,0.0,0.0,0,7.548909414234473e-11,0.92052907743373,-0.3915082471728466,0.4792703914896452,1.0,0.0001096050958785,0.0009351068766962,-0.001841451421583,0.0,0.0,0.0,0.0009351068766962,0.0149580801227555,-0.0171884109986746,0.0,0.0,0.0,-0.001841451421583,-0.0171884109986746,0.031250734036804,0.0,0.0,0.0,0.0,0.0,0.0,0.0,0.0,0.0,0.0,0.0,0.0,0.0,0.0,0.0,0.0,0.0,0.0,0.0,0.0,0.0,0,0,0,1,12,,121
1.200236966,0,1735643777088230371,map,0.9686855859792936,-0.2198220327148616,0.0263057762110945,-0.4868043002639265,0.4853796447792881,-0.4975364470618942,0.5290422076956691,0.0,0.0,0.0,1,0.0149618750438094,0,1735643777088253974,map,0.9741867821220092,-0.2491670558410454,0.1511375735974814,-0.4822592988672625,0.495217181377363,-0.5198491945746107,0.5019389672309219,0.0,0.0,0.0,16,0.1313414275646209,0,1735643777088270664,map,0.9708050718744436,0.056296925031038,0.030494492323637,-0.4805893820265288,0.4878540504127446,-0.4964070241759027,0.5334907100672537,0.0,0.0,0.0,17,0.006419091951102,0,1735643777088284730,map,0.9966403648327072,-0.2524820459150311,0.2377781025831361,-0.5182555591473716,0.5957511226228077,-0.4439683483623145,0.4235373430512923,0.0,0.0,0.0,121,0.3926045894622803,0,1735643777088297367,map,1.007368762951138,0.2169939345674896,0.24357165922221,0.5008478297488924,-0.4977539028642904,0.5015211311773086,-0.4998690414516824,0.0,0.0,0.0,122,1.8497890152957552e-07,0,1735643777088310956,map,0.9985503126868988,0.2115563670945177,0.1443768079644663,-0.4773208762087606,0.5045877352598916,-0.4935438432231561,0.5234218885154791,0.0,0.0,0.0,124,3.847384505206719e-06,0,1735643777088322877,map,0.9937999249300846,-0.018507065443862,0.2429695189394261,-0.673724154627324,0.3692180710364842,-0.294280843156114,0.5684826864937237,0.0,0.0,0.0,125,0.0152583653107285,0,1735643777088343858,map,0.9969136922231918,-0.0118042658024477,0.1430924980104859,-0.506559660157128,0.4675017844920394,-0.4820223868162951,0.5408269693776145,0.0,0.0,0.0,126,0.0265658292919397,0,1735644242188269615,map,0.9732822750558732,0.3275442375301803,0.0286218994455381,-0.4885997207751324,0.4936496137383498,-0.4935551660051538,0.5234344943009255,0.0,0.0,0.0,0,5.589196305777477e-08,0.9210454239563088,-0.3724348326650194,0.4674897152833402,1.0,0.0001043732994336,0.0009813574735466,-0.0017727962465435,0.0,0.0,0.0,0.0009813574735466,0.0181730002667,-0.0185625981828223,0.0,0.0,0.0,-0.0017727962465435,-0.0185625981828223,0.0305122434011219,0.0,0.0,0.0,0.0,0.0,0.0,0.0,0.0,0.0,0.0,0.0,0.0,0.0,0.0,0.0,0.0,0.0,0.0,0.0,0.0,0.0,0,0,0,1,13,,121
1.298268569,0,1735643777088230371,map,0.9686855859792936,-0.2198220327148616,0.0263057762110945,-0.4868043002639265,0.4853796447792881,-0.4975364470618942,0.5290422076956691,0.0,0.0,0.0,1,0.0104484297335147,0,1735643777088253974,map,0.971684433126642,-0.2496143987744333,0.1522321386870178,-0.499396833438195,0.4751092040893496,-0.4914308805495722,0.5323248412236279,0.0,0.0,0.0,16,0.1105145812034607,0,1735643777088270664,map,0.978426672563627,0.0603524484743386,0.0264876495077823,-0.4944561408187224,0.4927503703067199,-0.4915463198544192,0.5206653558734474,0.0,0.0,0.0,17,0.0107161402702331,0,1735643777088284730,map,0.9949563831715348,-0.2531060450721145,0.2379643989000057,0.4570330901672224,-0.517540327411771,0.5270202469177793,-0.4955021930662259,0.0,0.0,0.0,121,0.3664847314357757,0,1735643777088297367,map,1.007368762951138,0.2169939345674896,0.24357165922221,0.5008478297488924,-0.4977539028642904,0.5015211311773086,-0.4998690414516824,0.0,0.0,0.0,122,3.0643582249467727e-06,0,1735643777088310956,map,0.9985503126868988,0.2115563670945177,0.1443768079644663,-0.4773208762087606,0.5045877352598916,-0.4935438432231561,0.5234218885154791,0.0,0.0,0.0,124,3.753273995243944e-05,0,1735643777088322877,map,0.9873229253370562,-0.0201307666348367,0.2437748743002339,-0.4987542009153892,0.5114584405446941,-0.4987868524050555,0.4907812002641288,0.0,0.0,0.0,125,0.0374552831053733,0,1735643777088343858,map,0.9888147228369288,-0.0144021732748097,0.1452786536041893,-0.4925718831001238,0.4757373453313223,-0.5003515650935794,0.529806785106335,0.0,0.0,0.0,126,0.0500413738191127,0,1735644242188269615,map,0.9732822750558732,0.3275442375301803,0.0286218994455381,-0.4885997207751324,0.4936496137383498,-0.4935551660051538,0.5234344943009255,0.0,0.0,0.0,0,9.85863721325586e-07,0.921254767531044,-0.3579080245688867,0.4612750081828725,1.0,9.748778527950124e-05,0.0009507947323228,-0.0016630810602234,0.0,0.0,0.0,0.0009507947323228,0.0196182948140828,-0.0184103364591089,0.0,0.0,0.0,-0.0016630810602234,-0.0184103364591089,0.0288348910403787,0.0,0.0,0.0,0.0,0.0,0.0,0.0,0.0,0.0,0.0,0.0,0.0,0.0,0.0,0.0,0.0,0.0,0.0,0.0,0.0,0.0,0,0,0,1,14,,121
1.4011334,0,1735643777088230371,map,0.9686855859792936,-0.2198220327148616,0.0263057762110945,-0.4868043002639265,0.4853796447792881,-0.4975364470618942,0.5290422076956691,0.0,0.0,0.0,1,0.0073006683960556,0,1735643777088253974,map,0.9692004409213736,-0.2503923441054327,0.1513919904697282,-0.4765724733270453,0.4905631428365331,-0.5220422038985162,0.5096061399807367,0.0,0.0,0.0,16,0.0892121791839599,0,1735643777088270664,map,0.978426672563627,0.0603524484743386,0.0264876495077823,-0.4944561408187224,0.4927503703067199,-0.4915463198544192,0.5206653558734474,0.0,0.0,0.0,17,0.012689053080976,0,1735643777088284730,map,0.9909479372037124,-0.2539560045463957,0.2370438734322251,0.4617272194923582,-0.5207147829331193,0.5214211576743436,-0.4937449401708508,0.0,0.0,0.0,121,0.3318258225917816,0,1735643777088297367,map,1.007368762951138,0.2169939345674896,0.24357165922221,0.5008478297488924,-0.4977539028642904,0.5015211311773086,-0.4998690414516824,0.0,0.0,0.0,122,1.0257764188281726e-05,0,1735643777088310956,map,0.9985503126868988,0.2115563670945177,0.1443768079644663,-0.4773208762087606,0.5045877352598916,-0.4935438432231561,0.5234218885154791,0.0,0.0,0.0,124,9.805578156374396e-05,0,1735643777088322877,map,0.985892123243298,-0.0203844312868321,0.2425816047886342,-0.4859635074194731,0.4973708420949271,-0.5025399695164471,0.5137268670497532,0.0,0.0,0.0,125,0.0554567649960517,0,1735643777088343858,map,0.9844949402265746,-0.0153710903586623,0.1443297607386,-0.487054732538174,0.4777792886547036,-0.5116960988884076,0.5221797977968488,0.0,0.0,0.0,126,0.0630109161138534,0,1735644242188269615,map,0.9732822750558732,0.3275442375301803,0.0286218994455381,-0.4885997207751324,0.4936496137383498,-0.4935551660051538,0.5234344943009255,0.0,0.0,0.0,0,3.145672280879808e-06,0.9213698492471036,-0.3470558653483797,0.4572517259506927,1.0,9.11740128133983e-05,0.0009048928083193,-0.0015586910766705,0.0,0.0,0.0,0.0009048928083193,0.0199591795296053,-0.0177942388863854,0.0,0.0,0.0,-0.0015586910766705,-0.0177942388863854,0.027139180169897,0.0,0.0,0.0,0.0,0.0,0.0,0.0,0.0,0.0,0.0,0.0,0.0,0.0,0.0,0.0,0.0,0.0,0.0,0.0,0.0,0.0,0,0,0,1,15,,121
1.498950556,0,1735643777088230371,map,0.9686855859792936,-0.2198220327148616,0.0263057762110945,-0.4868043002639265,0.4853796447792881,-0.4975364470618942,0.5290422076956691,0.0,0.0,0.0,1,0.0055602360516786,0,1735643777088253974,map,0.9652404465659444,-0.2498539604798806,0.1528497591163716,-0.4846352202686397,0.4828958908139291,-0.5101399099827267,0.5212461358638587,0.0,0.0,0.0,16,0.0782506242394447,0,1735643777088270664,map,0.978426672563627,0.0603524484743386,0.0264876495077823,-0.4944561408187224,0.4927503703067199,-0.4915463198544192,0.5206653558734474,0.0,0.0,0.0,17,0.0132219335064291,0,1735643777088284730,map,0.9859672862721528,-0.25331930060484,0.2377602340329254,-0.460173100717614,0.4840804595152158,-0.5267360186860238,0.5257908260042876,0.0,0.0,0.0,121,0.3039242625236511,0,1735643777088297367,map,1.007368762951138,0.2169939345674896,0.24357165922221,0.5008478297488924,-0.4977539028642904,0.5015211311773086,-0.4998690414516824,0.0,0.0,0.0,122,4.974444163963199e-05,0,1735643777088310956,map,0.9985503126868988,0.2115563670945177,0.1443768079644663,-0.4773208762087606,0.5045877352598916,-0.4935438432231561,0.5234218885154791,0.0,0.0,0.0,124,0.0002977561671286,0,1735643777088322877,map,0.9913733088622813,-0.0180522003404533,0.2420795594918975,-0.6934047438277369,0.3931664012476691,-0.2885045452333932,0.5304480837431883,0.0,0.0,0.0,125,0.0779189988970756,0,1735643777088343858,map,0.9844949402265746,-0.0153710903586623,0.1443297607386,-0.487054732538174,0.4777792886547036,-0.5116960988884076,0.5221797977968488,0.0,0.0,0.0,126,0.0723372772336006,0,1735644242188269615,map,0.9732822750558732,0.3275442375301803,0.0286218994455381,-0.4885997207751324,0.4936496137383498,-0.4935551660051538,0.5234344943009255,0.0,0.0,0.0,0,1.1425012417021208e-05,0.9212825148337728,-0.336416429704741,0.456308593366364,1.0,8.559004650883801e-05,0.0008343991747477,-0.0014600373654144,0.0,0.0,0.0,0.0008343991747477,0.0204096946712319,-0.0168326149325021,0.0,0.0,0.0,-0.0014600373654144,-0.0168326149325021,0.0254563238953528,0.0,0.0,0.0,0.0,0.0,0.0,0.0,0.0,0.0,0.0,0.0,0.0,0.0,0.0,0.0,0.0,0.0,0.0,0.0,0.0,0.0,0,0,0,1,16,,121
1.597433882,0,1735643777088230371,map,0.9686855859792936,-0.2198220327148616,0.0263057762110945,-0.4868043002639265,0.4853796447792881,-0.4975364470618942,0.5290422076956691,0.0,0.0,0.0,1,0.0041253971867263,0,1735643777088253974,map,0.9654180987793312,-0.2505215712724318,0.1522729056562505,-0.4860134937270873,0.4817821828547535,-0.5072910810138783,0.5237676692224045,0.0,0.0,0.0,16,0.0665431469678878,0,1735643777088270664,map,0.978426672563627,0.0603524484743386,0.0264876495077823,-0.4944561408187224,0.4927503703067199,-0.4915463198544192,0.5206653558734474,0.0,0.0,0.0,17,0.01290581561625,0,1735643777088284730,map,0.985013155821442,-0.2538937070942411,0.2371635137654927,-0.4591352392315058,0.4842846674567121,-0.5347553760614198,0.5183626922682412,0.0,0.0,0.0,121,0.2849522829055786,0,1735643777088297367,map,1.007368762951138,0.2169939345674896,0.24357165922221,0.5008478297488924,-0.4977539028642904,0.5015211311773086,-0.4998690414516824,0.0,0.0,0.0,122,4.319072832004167e-05,0,1735643777088310956,map,0.9985503126868988,0.2115563670945177,0.1443768079644663,-0.4773208762087606,0.5045877352598916,-0.4935438432231561,0.5234218885154791,0.0,0.0,0.0,124,0.0002820231602527,0,1735643777088322877,map,0.988809097317523,-0.0184568973138878,0.2411658887939016,-0.5013491916484045,0.4817074458386446,-0.4856620392294755,0.5298483823779857,0.0,0.0,0.0,125,0.0812863409519195,0,1735643777088343858,map,0.9844949402265746,-0.0153710903586623,0.1443297607386,-0.487054732538174,0.4777792886547036,-0.5116960988884076,0.5221797977968488,0.0,0.0,0.0,126,0.073749341070652,0,1735644242188269615,map,0.9732822750558732,0.3275442375301803,0.0286218994455381,-0.4885997207751324,0.4936496137383498,-0.4935551660051538,0.5234344943009255,0.0,0.0,0.0,0,1.033420630847104e-05,0.9215106768926974,-0.3300369622973954,0.4515367298229582,1.0,8.138826469279393e-05,0.0008086057090468,-0.0013915729458832,0.0,0.0,0.0,0.0008086057090468,0.0198602860668757,-0.0163295322801025,0.0,0.0,0.0,-0.0013915729458832,-0.0163295322801025,0.0243232239848092,0.0,0.0,0.0,0.0,0.0,0.0,0.0,0.0,0.0,0.0,0.0,0.0,0.0,0.0,0.0,0.0,0.0,0.0,0.0,0.0,0.0,0,0,0,1,17,,121
1.697922065,0,1735643777088230371,map,0.9686855859792936,-0.2198220327148616,0.0263057762110945,-0.4868043002639265,0.4853796447792881,-0.4975364470618942,0.5290422076956691,0.0,0.0,0.0,1,0.0033109639771282,0,1735643777088253974,map,0.9656081553092616,-0.2517723901689427,0.1508075575488014,-0.4887594730770927,0.4882786422626724,-0.5070864659456821,0.5153265576721641,0.0,0.0,0.0,16,0.0574712641537189,0,1735643777088270664,map,0.978426672563627,0.0603524484743386,0.0264876495077823,-0.4944561408187224,0.4927503703067199,-0.4915463198544192,0.5206653558734474,0.0,0.0,0.0,17,0.0116291744634509,0,1735643777088284730,map,0.983574953836048,-0.2549377754425446,0.2359135449631006,-0.4663666813494198,0.4954008066817313,-0.5213416265584008,0.5150563733065143,0.0,0.0,0.0,121,0.2698094844818115,0,1735643777088297367,map,1.007368762951138,0.2169939345674896,0.24357165922221,0.5008478297488924,-0.4977539028642904,0.5015211311773086,-0.4998690414516824,0.0,0.0,0.0,122,2.672045593499206e-05,0,1735643777088310956,map,0.9985503126868988,0.2115563670945177,0.1443768079644663,-0.4773208762087606,0.5045877352598916,-0.4935438432231561,0.5234218885154791,0.0,0.0,0.0,124,0.0002007365837926,0,1735643777088322877,map,0.982527069669028,-0.0213525703938836,0.2406660622271573,-0.4920684699620428,0.4913537488532606,-0.4946233138809204,0.5213328032289136,0.0,0.0,0.0,125,0.0799027606844902,0,1735643777088343858,map,0.978209825591562,-0.0173460855419409,0.1436334856219927,-0.4931529621296426,0.4867056446236391,-0.506894071327872,0.5128120239297254,0.0,0.0,0.0,126,0.0716018676757812,0,1735644242188269615,map,0.9732822750558732,0.3275442375301803,0.0286218994455381,-0.4885997207751324,0.4936496137383498,-0.4935551660051538,0.5234344943009255,0.0,0.0,0.0,0,6.451474291679915e-06,0.9217490420298824,-0.3264981954650933,0.4472133314182664,1.0,7.783259938871352e-05,0.0007780229865599,-0.0013317826444938,0.0,0.0,0.0,0.0007780229865599,0.018969825642726,-0.0156824275232339,0.0,0.0,0.0,-0.0013317826444938,-0.0156824275232339,0.0232896939174477,0.0,0.0,0.0,0.0,0.0,0.0,0.0,0.0,0.0,0.0,0.0,0.0,0.0,0.0,0.0,0.0,0.0,0.0,0.0,0.0,0.0,0,0,0,1,18,,121
1.800748995,0,1735643777088230371,map,0.9686855859792936,-0.2198220327148616,0.0263057762110945,-0.4868043002639265,0.4853796447792881,-0.4975364470618942,0.5290422076956691,0.0,0.0,0.0,1,0.003653050865978,0,1735643777088253974,map,0.9623411980848058,-0.2519198157609623,0.1515939633793608,-0.4908316988710608,0.4867683793686511,-0.4980577872791881,0.523525767045638,0.0,0.0,0.0,16,0.0637563019990921,0,1735643777088270664,map,0.978426672563627,0.0603524484743386,0.0264876495077823,-0.4944561408187224,0.4927503703067199,-0.4915463198544192,0.5206653558734474,0.0,0.0,0.0,17,0.0100598912686109,0,1735643777088284730,map,0.9812392475244304,-0.2552036471727945,0.2356569336384091,-0.465073217390982,0.4959060648436021,-0.5228450985106544,0.5142150136667707,0.0,0.0,0.0,121,0.2853838205337524,0,1735643777088297367,map,1.007368762951138,0.2169939345674896,0.24357165922221,0.5008478297488924,-0.4977539028642904,0.5015211311773086,-0.4998690414516824,0.0,0.0,0.0,122,1.4700231076858472e-05,0,1735643777088310956,map,0.9985503126868988,0.2115563670945177,0.1443768079644663,-0.4773208762087606,0.5045877352598916,-0.4935438432231561,0.5234218885154791,0.0,0.0,0.0,124,0.0001217454264406,0,1735643777088322877,map,0.9796916552118796,-0.0217140960581766,0.2404697832951079,-0.5124089697627552,0.5009305158044577,-0.4850472212246438,0.501233338101929,0.0,0.0,0.0,125,0.0692997872829437,0,1735643777088343858,map,0.9756055793248856,-0.0177297913758956,0.1432804455263815,-0.494689136973438,0.4890544879367952,-0.5070438050208551,0.5089351092028598,0.0,0.0,0.0,126,0.0651220306754112,0,1735644242188269615,map,0.9732822750558732,0.3275442375301803,0.0286218994455381,-0.4885997207751324,0.4936496137383498,-0.4935551660051538,0.5234344943009255,0.0,0.0,0.0,0,3.2442605970572917e-06,0.9221047335341228,-0.3257690655994764,0.4417255707300641,1.0,7.601344282070374e-05,0.0007417426236963,-0.0012968239184732,0.0,0.0,0.0,0.0007417426236963,0.0179809831132898,-0.0149290598247948,0.0,0.0,0.0,-0.0012968239184732,-0.0149290598247948,0.0226059998660491,0.0,0.0,0.0,0.0,0.0,0.0,0.0,0.0,0.0,0.0,0.0,0.0,0.0,0.0,0.0,0.0,0.0,0.0,0.0,0.0,0.0,0,0,0,1,19,,121
1.899332211,0,1735643777088230371,map,0.9686855859792936,-0.2198220327148616,0.0263057762110945,-0.4868043002639265,0.4853796447792881,-0.4975364470618942,0.5290422076956691,0.0,0.0,0.0,1,0.0069092456251382,0,1735643777088253974,map,0.9638670553732948,-0.2527879375797955,0.1483535053043006,-0.4977336853616816,0.4976662416006479,-0.5015126119120877,0.5030651950994821,0.0,0.0,0.0,16,0.0848794057965278,0,1735643777088270664,map,0.978426672563627,0.0603524484743386,0.0264876495077823,-0.4944561408187224,0.4927503703067199,-0.4915463198544192,0.5206653558734474,0.0,0.0,0.0,17,0.0083666881546378,0,1735643777088284730,map,0.9792634481768636,-0.2554663459128014,0.2338523925987291,-0.4703210469453232,0.5016661237096394,-0.5157559676114809,0.5110039089826467,0.0,0.0,0.0,121,0.334966242313385,0,1735643777088297367,map,1.007368762951138,0.2169939345674896,0.24357165922221,0.5008478297488924,-0.4977539028642904,0.5015211311773086,-0.4998690414516824,0.0,0.0,0.0,122,1.2236622751515824e-05,0,1735643777088310956,map,0.9985503126868988,0.2115563670945177,0.1443768079644663,-0.4773208762087606,0.5045877352598916,-0.4935438432231561,0.5234218885154791,0.0,0.0,0.0,124,8.559104026062414e-05,0,1735643777088322877,map,0.9788937258968506,-0.0210624531730096,0.2384072047593682,0.5222746863004946,-0.5141110974709671,0.4760334005677933,-0.4861184352097548,0.0,0.0,0.0,125,0.0585808977484703,0,1735643777088343858,map,0.9723153124191344,-0.0180734720887282,0.1420187809332641,-0.4954090406991597,0.4922953927907417,-0.508097729022274,0.5040355408033803,0.0,0.0,0.0,126,0.0567362233996391,0,1735644242188269615,map,0.9732822750558732,0.3275442375301803,0.0286218994455381,-0.4885997207751324,0.4936496137383498,-0.4935551660051538,0.5234344943009255,0.0,0.0,0.0,0,1.870841856543848e-06,0.9226213231635928,-0.3275497795443701,0.4343566405579596,1.0,7.728320273991481e-05,0.0006871774237288,-0.0013043102677863,0.0,0.0,0.0,0.0006871774237288,0.0171421818585426,-0.0139332896559432,0.0,0.0,0.0,-0.0013043102677863,-0.0139332896559432,0.0225074213784923,0.0,0.0,0.0,0.0,0.0,0.0,0.0,0.0,0.0,0.0,0.0,0.0,0.0,0.0,0.0,0.0,0.0,0.0,0.0,0.0,0.0,0,0,0,1,20,,121
1.999210969,0,1735643777088230371,map,0.9686855859792936,-0.2198220327148616,0.0263057762110945,-0.4868043002639265,0.4853796447792881,-0.4975364470618942,0.5290422076956691,0.0,0.0,0.0,1,0.0098501071333885,0,1735643777088253974,map,0.960714528341086,-0.2532404186110807,0.1494576679386513,-0.498253030868132,0.4920158530253257,-0.487904614110278,0.5211654297172655,0.0,0.0,0.0,16,0.1074959337711334,0,1735643777088270664,map,0.978426672563627,0.0603524484743386,0.0264876495077823,-0.4944561408187224,0.4927503703067199,-0.4915463198544192,0.5206653558734474,0.0,0.0,0.0,17,0.0065531115978956,0,1735643777088284730,map,0.977225634273911,-0.2560001285589697,0.2341449834836297,-0.4847451073683734,0.4971028806364634,-0.499766683935683,0.5178263884481797,0.0,0.0,0.0,121,0.3720619082450866,0,1735643777088297367,map,1.007368762951138,0.2169939345674896,0.24357165922221,0.5008478297488924,-0.4977539028642904,0.5015211311773086,-0.4998690414516824,0.0,0.0,0.0,122,1.0924906746367924e-05,0,1735643777088310956,map,0.9985503126868988,0.2115563670945177,0.1443768079644663,-0.4773208762087606,0.5045877352598916,-0.4935438432231561,0.5234218885154791,0.0,0.0,0.0,124,6.482575554400682e-05,0,1735643777088322877,map,0.9716486698011048,-0.0235989251112531,0.2398255314301349,-0.5026641880152762,0.5065019631345093,-0.4967797335842704,0.4939578643242482,0.0,0.0,0.0,125,0.0527619570493698,0,1735643777088343858,map,0.9733992480533784,-0.0173709996357248,0.1407241546644915,-0.4987232210575288,0.4909707055771091,-0.5008036900574595,0.5093315021358397,0.0,0.0,0.0,126,0.0474144108593463,0,1735644242188269615,map,0.9732822750558732,0.3275442375301803,0.0286218994455381,-0.4885997207751324,0.4936496137383498,-0.4935551660051538,0.5234344943009255,0.0,0.0,0.0,0,1.196716766571626e-06,0.9230194633263686,-0.3306060301135463,0.429033856240388,1.0,7.677336201279476e-05,0.0006301183672836,-0.0012845845393269,0.0,0.0,0.0,0.0006301183672836,0.016512700835158,-0.0129444444203232,0.0,0.0,0.0,-0.0012845845393269,-0.0129444444203232,0.0220022800659157,0.0,0.0,0.0,0.0,0.0,0.0,0.0,0.0,0.0,0.0,0.0,0.0,0.0,0.0,0.0,0.0,0.0,0.0,0.0,0.0,0.0,0,0,0,1,21,,121
2.098128168,0,1735643777088230371,map,0.9686855859792936,-0.2198220327148616,0.0263057762110945,-0.4868043002639265,0.4853796447792881,-0.4975364470618942,0.5290422076956691,0.0,0.0,0.0,1,0.011392306536436,0,1735643777088253974,map,0.9620552625279376,-0.2536776751350972,0.1485578612307815,-0.4999266465859447,0.5009345157488845,-0.4945435342116729,0.5045440037639831,0.0,0.0,0.0,16,0.1161516159772872,0,1735643777088270664,map,0.978426672563627,0.0603524484743386,0.0264876495077823,-0.4944561408187224,0.4927503703067199,-0.4915463198544192,0.5206653558734474,0.0,0.0,0.0,17,0.0051241796463727,0,1735643777088284730,map,0.9764882602368264,-0.2560824185091622,0.2339484433399132,-0.4893419850992912,0.5061816076917559,-0.4939556114449402,0.5102278467270576,0.0,0.0,0.0,121,0.389961838722229,0,1735643777088297367,map,1.007368762951138,0.2169939345674896,0.24357165922221,0.5008478297488924,-0.4977539028642904,0.5015211311773086,-0.4998690414516824,0.0,0.0,0.0,122,7.939233910292387e-06,0,1735643777088310956,map,0.9985503126868988,0.2115563670945177,0.1443768079644663,-0.4773208762087606,0.5045877352598916,-0.4935438432231561,0.5234218885154791,0.0,0.0,0.0,124,4.449459083843976e-05,0,1735643777088322877,map,0.9679353508288172,-0.0246305396268138,0.240210542335561,-0.4938443006022861,0.5092208558153101,-0.5017911000721644,0.4949925440385234,0.0,0.0,0.0,125,0.0459142550826072,0,1735643777088343858,map,0.969757272299324,-0.0181906170957445,0.141781217789226,0.4989154603210795,-0.4972228128726239,0.5060744726734937,-0.4977363417713099,0.0,0.0,0.0,126,0.0410215444862842,0,1735644242188269615,map,0.9732822750558732,0.3275442375301803,0.0286218994455381,-0.4885997207751324,0.4936496137383498,-0.4935551660051538,0.5234344943009255,0.0,0.0,0.0,0,6.869125854791491e-07,0.923330382397215,-0.3329448037424121,0.4248669910897575,1.0,7.531374778042064e-05,0.0005862060675204,-0.0012534010476544,0.0,0.0,0.0,0.0005862060675204,0.0158769906282977,-0.0121514081421198,0.0,0.0,0.0,-0.0012534010476544,-0.0121514081421198,0.0213667944954102,0.0,0.0,0.0,0.0,0.0,0.0,0.0,0.0,0.0,0.0,0.0,0.0,0.0,0.0,0.0,0.0,0.0,0.0,0.0,0.0,0.0,0,0,0,1,22,,121
2.198725286,0,1735643777088230371,map,0.9686855859792936,-0.2198220327148616,0.0263057762110945,-0.4868043002639265,0.4853796447792881,-0.4975364470618942,0.5290422076956691,0.0,0.0,0.0,1,0.0127579011023044,0,1735643777088253974,map,0.9590093798774098,-0.2533372346995003,0.1496158561811702,-0.4998278389253409,0.5018951559809444,-0.4861704147865199,0.5117731056087165,0.0,0.0,0.0,16,0.1290010064840316,0,1735643777088270664,map,0.978426672563627,0.0603524484743386,0.0264876495077823,-0.4944561408187224,0.4927503703067199,-0.4915463198544192,0.5206653558734474,0.0,0.0,0.0,17,0.0039917877875268,0,1735643777088284730,map,0.9754339849509346,-0.2557017882331289,0.2341330808994198,-0.4847664640652155,0.5139030938592215,-0.4990642871110787,0.501836549854571,0.0,0.0,0.0,121,0.4064094722270965,0,1735643777088297367,map,1.007368762951138,0.2169939345674896,0.24357165922221,0.5008478297488924,-0.4977539028642904,0.5015211311773086,-0.4998690414516824,0.0,0.0,0.0,122,5.757176950282883e-06,0,1735643777088310956,map,0.9985503126868988,0.2115563670945177,0.1443768079644663,-0.4773208762087606,0.5045877352598916,-0.4935438432231561,0.5234218885154791,0.0,0.0,0.0,124,3.060342351091094e-05,0,1735643777088322877,map,0.9667549626149494,-0.0240484993057421,0.2401892034251005,-0.4983114192168447,0.5158145520685564,-0.4990317929613062,0.4864034816551302,0.0,0.0,0.0,125,0.038708746433258,0,1735643777088343858,map,0.9672122818097736,-0.018235844483974,0.1422705741500779,-0.4994506763298055,0.4957283909877023,-0.5045555008691344,0.5002260797131045,0.0,0.0,0.0,126,0.0349132642149925,0,1735644242188269615,map,0.9732822750558732,0.3275442375301803,0.0286218994455381,-0.4885997207751324,0.4936496137383498,-0.4935551660051538,0.5234344943009255,0.0,0.0,0.0,0,3.954930036798032e-07,0.923621706215949,-0.335230841943226,0.420982779626142,1.0,7.390636748931751e-05,0.0005460673448679,-0.00122379974289,0.0,0.0,0.0,0.0005460673448679,0.0153016580423597,-0.0114277380216951,0.0,0.0,0.0,-0.00122379974289,-0.0114277380216951,0.0207697196016621,0.0,0.0,0.0,0.0,0.0,0.0,0.0,0.0,0.0,0.0,0.0,0.0,0.0,0.0,0.0,0.0,0.0,0.0,0.0,0.0,0.0,0,0,0,1,23,,121
2.29944704,0,1735643777088230371,map,0.9686855859792936,-0.2198220327148616,0.0263057762110945,-0.4868043002639265,0.4853796447792881,-0.4975364470618942,0.5290422076956691,0.0,0.0,0.0,1,0.0132606513798236,0,1735643777088253974,map,0.9562917534880336,-0.2527040069143013,0.1494214362069788,-0.5016697628039503,0.4968443588089302,-0.4863590622543641,0.514711564636959,0.0,0.0,0.0,16,0.1343089789152145,0,1735643777088270664,map,0.978426672563627,0.0603524484743386,0.0264876495077823,-0.4944561408187224,0.4927503703067199,-0.4915463198544192,0.5206653558734474,0.0,0.0,0.0,17,0.0030845247674733,0,1735643777088284730,map,0.971604062670639,-0.254760421323822,0.2336915812488304,-0.4916813146969865,0.5123194432249226,-0.4920410824281705,0.5036604472007525,0.0,0.0,0.0,121,0.4101894497871399,0,1735643777088297367,map,1.007368762951138,0.2169939345674896,0.24357165922221,0.5008478297488924,-0.4977539028642904,0.5015211311773086,-0.4998690414516824,0.0,0.0,0.0,122,5.42288535143598e-06,0,1735643777088310956,map,0.9985503126868988,0.2115563670945177,0.1443768079644663,-0.4773208762087606,0.5045877352598916,-0.4935438432231561,0.5234218885154791,0.0,0.0,0.0,124,2.5525412638671696e-05,0,1735643777088322877,map,0.9669548182450564,-0.0217055339510269,0.2388654346031054,-0.5088182121128564,0.5132096542500618,-0.4929015158746065,0.4845286095323198,0.0,0.0,0.0,125,0.032703511416912,0,1735643777088343858,map,0.96023819338667,-0.0193303827271999,0.1439084455410034,0.5000907349726702,-0.5001082970781487,0.5061903510952338,-0.4935304209936531,0.0,0.0,0.0,126,0.0305113419890403,0,1735644242188269615,map,0.9732822750558732,0.3275442375301803,0.0286218994455381,-0.4885997207751324,0.4936496137383498,-0.4935551660051538,0.5234344943009255,0.0,0.0,0.0,0,2.942841774711269e-07,0.923834364876719,-0.3392954951350562,0.4186546873166754,1.0,7.18670807486068e-05,0.0005034337136336,-0.0011841951337679,0.0,0.0,0.0,0.0005034337136336,0.015044081285368,-0.0107339358505505,0.0,0.0,0.0,-0.0011841951337679,-0.0107339358505505,0.0200289749356917,0.0,0.0,0.0,0.0,0.0,0.0,0.0,0.0,0.0,0.0,0.0,0.0,0.0,0.0,0.0,0.0,0.0,0.0,0.0,0.0,0.0,0,0,0,0,24,,121
2.399768828,0,1735643777088230371,map,0.9686855859792936,-0.2198220327148616,0.0263057762110945,-0.4868043002639265,0.4853796447792881,-0.4975364470618942,0.5290422076956691,0.0,0.0,0.0,1,0.0128010576590895,0,1735643777088253974,map,0.9555875691382903,-0.2529194637280301,0.1490254210658877,-0.5035597388306494,0.5008763103711523,-0.4837852471557431,0.5113730006289398,0.0,0.0,0.0,16,0.1322088986635208,0,1735643777088270664,map,0.978426672563627,0.0603524484743386,0.0264876495077823,-0.4944561408187224,0.4927503703067199,-0.4915463198544192,0.5206653558734474,0.0,0.0,0.0,17,0.0027039614506065,0,1735643777088284730,map,0.9698708935374551,-0.2547013358236016,0.2338312925234435,-0.4890714547118642,0.5065065471878111,-0.4941923646488092,0.509935423916324,0.0,0.0,0.0,121,0.4022546410560608,0,1735643777088297367,map,1.007368762951138,0.2169939345674896,0.24357165922221,0.5008478297488924,-0.4977539028642904,0.5015211311773086,-0.4998690414516824,0.0,0.0,0.0,122,1.1114449989690913e-05,0,1735643777088310956,map,0.9985503126868988,0.2115563670945177,0.1443768079644663,-0.4773208762087606,0.5045877352598916,-0.4935438432231561,0.5234218885154791,0.0,0.0,0.0,124,3.976779407821596e-05,0,1735643777088322877,map,0.9614464977981204,-0.0234089708106003,0.2398579761311724,0.5060237122798267,-0.5045723503419127,0.4931082787302404,-0.4961763510372907,0.0,0.0,0.0,125,0.035421036183834,0,1735643777088343858,map,0.9612580864986824,-0.0177507944115982,0.142591503002855,0.5063736955984447,-0.4979951448216224,0.500738582411076,-0.4948205616433202,0.0,0.0,0.0,126,0.0276990979909896,0,1735644242188269615,map,0.9732822750558732,0.3275442375301803,0.0286218994455381,-0.4885997207751324,0.4936496137383498,-0.4935551660051538,0.5234344943009255,0.0,0.0,0.0,0,5.138954293215647e-07,0.9239602247741208,-0.346727655859835,0.4183410849212666,1.0,6.937257464923876e-05,0.0004608465014171,-0.0011377746075846,0.0,0.0,0.0,0.0004608465014171,0.015768006346888,-0.010248640574776,0.0,0.0,0.0,-0.0011377746075846,-0.010248640574776,0.0192301762533618,0.0,0.0,0.0,0.0,0.0,0.0,0.0,0.0,0.0,0.0,0.0,0.0,0.0,0.0,0.0,0.0,0.0,0.0,0.0,0.0,0.0,0,0,0,0,25,,121
2.498289876,0,1735643777088230371,map,0.9686855859792936,-0.2198220327148616,0.0263057762110945,-0.4868043002639265,0.4853796447792881,-0.4975364470618942,0.5290422076956691,0.0,0.0,0.0,1,0.0107614770531654,0,1735643777088253974,map,0.9546620858019976,-0.2527237916477531,0.1497183454759004,-0.4938204391753904,0.4938522611762984,-0.4991015336957906,0.5129804840792594,0.0,0.0,0.0,16,0.122350163757801,0,1735643777088270664,map,0.978426672563627,0.0603524484743386,0.0264876495077823,-0.4944561408187224,0.4927503703067199,-0.4915463198544192,0.5206653558734474,0.0,0.0,0.0,17,0.0087650911882519,0,1735643777088284730,map,0.9680655539250558,-0.2543186715518211,0.234334574130313,-0.4877274157541195,0.5098142077178561,-0.4975234005432327,0.5046601900712208,0.0,0.0,0.0,121,0.3831785321235657,0,1735643777088297367,map,1.007368762951138,0.2169939345674896,0.24357165922221,0.5008478297488924,-0.4977539028642904,0.5015211311773086,-0.4998690414516824,0.0,0.0,0.0,122,0.0013585658743977,0,1735643777088310956,map,0.9985503126868988,0.2115563670945177,0.1443768079644663,-0.4773208762087606,0.5045877352598916,-0.4935438432231561,0.5234218885154791,0.0,0.0,0.0,124,0.0022411367390304,0,1735643777088322877,map,0.962814925257514,-0.0214449396268091,0.2395381652392247,0.5069629804990436,-0.5039192765038462,0.4894434504516539,-0.4994987567365367,0.0,0.0,0.0,125,0.1109318658709526,0,1735643777088343858,map,0.9612580864986824,-0.0177507944115982,0.142591503002855,0.5063736955984447,-0.4979951448216224,0.500738582411076,-0.4948205616433202,0.0,0.0,0.0,126,0.0660493448376655,0,1735644242188269615,map,0.9732822750558732,0.3275442375301803,0.0286218994455381,-0.4885997207751324,0.4936496137383498,-0.4935551660051538,0.5234344943009255,0.0,0.0,0.0,0,0.0001333811378572,0.923835028396068,-0.3689748811108861,0.4249286787174104,1.0,6.70962520281293e-05,0.0005127534365569,-0.0011146326178384,0.0,0.0,0.0,0.0005127534365569,0.0275350203485905,-0.0135183541672617,0.0,0.0,0.0,-0.0011146326178384,-0.0135183541672617,0.0195754638903457,0.0,0.0,0.0,0.0,0.0,0.0,0.0,0.0,0.0,0.0,0.0,0.0,0.0,0.0,0.0,0.0,0.0,0.0,0.0,0.0,0.0,0,0,0,0,26,,121
2.599931361,0,1735643777088230371,map,0.9686855859792936,-0.2198220327148616,0.0263057762110945,-0.4868043002639265,0.4853796447792881,-0.4975364470618942,0.5290422076956691,0.0,0.0,0.0,1,0.0107614770531654,0,1735643777088253974,map,0.9546620858019976,-0.2527237916477531,0.1497183454759004,-0.4938204391753904,0.4938522611762984,-0.4991015336957906,0.5129804840792594,0.0,0.0,0.0,16,0.122350163757801,0,1735643777088270664,map,0.978426672563627,0.0603524484743386,0.0264876495077823,-0.4944561408187224,0.4927503703067199,-0.4915463198544192,0.5206653558734474,0.0,0.0,0.0,17,0.0087650911882519,0,1735643777088284730,map,0.9656488205189518,-0.2529664389701513,0.2339171475855216,-0.4901578659318739,0.5132428254990017,-0.4912564165850379,0.5049695057158793,0.0,0.0,0.0,121,0.3826775848865509,0,1735643777088297367,map,1.007368762951138,0.2169939345674896,0.24357165922221,0.5008478297488924,-0.4977539028642904,0.5015211311773086,-0.4998690414516824,0.0,0.0,0.0,122,0.0013585658743977,0,1735643777088310956,map,0.9985503126868988,0.2115563670945177,0.1443768079644663,-0.4773208762087606,0.5045877352598916,-0.4935438432231561,0.5234218885154791,0.0,0.0,0.0,124,0.0022411367390304,0,1735643777088322877,map,0.9539658819010032,-0.024340265087281,0.2409504510337594,-0.4921200937873358,0.5030727598579462,-0.4973268720219209,0.5073476066214807,0.0,0.0,0.0,125,0.1149546802043914,0,1735643777088343858,map,0.9612580864986824,-0.0177507944115982,0.142591503002855,0.5063736955984447,-0.4979951448216224,0.500738582411076,-0.4948205616433202,0.0,0.0,0.0,126,0.0660493448376655,0,1735644242188269615,map,0.9732822750558732,0.3275442375301803,0.0286218994455381,-0.4885997207751324,0.4936496137383498,-0.4935551660051538,0.5234344943009255,0.0,0.0,0.0,0,0.0001333811378572,0.923835028396068,-0.3689748811108861,0.4249286787174104,1.0,6.70962520281293e-05,0.0005127534365569,-0.0011146326178384,0.0,0.0,0.0,0.0005127534365569,0.0275350203485905,-0.0135183541672617,0.0,0.0,0.0,-0.0011146326178384,-0.0135183541672617,0.0195754638903457,0.0,0.0,0.0,0.0,0.0,0.0,0.0,0.0,0.0,0.0,0.0,0.0,0.0,0.0,0.0,0.0,0.0,0.0,0.0,0.0,0.0,0,0,0,0,26,,121
2.699775464,0,1735643777088230371,map,0.9686855859792936,-0.2198220327148616,0.0263057762110945,-0.4868043002639265,0.4853796447792881,-0.4975364470618942,0.5290422076956691,0.0,0.0,0.0,1,0.0107614770531654,0,1735643777088253974,map,0.9546620858019976,-0.2527237916477531,0.1497183454759004,-0.4938204391753904,0.4938522611762984,-0.4991015336957906,0.5129804840792594,0.0,0.0,0.0,16,0.122350163757801,0,1735643777088270664,map,0.978426672563627,0.0603524484743386,0.0264876495077823,-0.4944561408187224,0.4927503703067199,-0.4915463198544192,0.5206653558734474,0.0,0.0,0.0,17,0.0087650911882519,0,1735643777088284730,map,0.9646047772874564,-0.252177591080851,0.2339340979662497,-0.4829148875541384,0.5147432097295538,-0.5033427347221933,0.4984764094902326,0.0,0.0,0.0,121,0.3833143413066864,0,1735643777088297367,map,1.007368762951138,0.2169939345674896,0.24357165922221,0.5008478297488924,-0.4977539028642904,0.5015211311773086,-0.4998690414516824,0.0,0.0,0.0,122,0.0013585658743977,0,1735643777088310956,map,0.9985503126868988,0.2115563670945177,0.1443768079644663,-0.4773208762087606,0.5045877352598916,-0.4935438432231561,0.5234218885154791,0.0,0.0,0.0,124,0.0022411367390304,0,1735643777088322877,map,0.9561077127895926,-0.0224861727304299,0.2402242699315223,0.5068394311982416,-0.5024107052378534,0.4923677610166147,-0.4982682632443407,0.0,0.0,0.0,125,0.112359307706356,0,1735643777088343858,map,0.9612580864986824,-0.0177507944115982,0.142591503002855,0.5063736955984447,-0.4979951448216224,0.500738582411076,-0.4948205616433202,0.0,0.0,0.0,126,0.0660493448376655,0,1735644242188269615,map,0.9732822750558732,0.3275442375301803,0.0286218994455381,-0.4885997207751324,0.4936496137383498,-0.4935551660051538,0.5234344943009255,0.0,0.0,0.0,0,0.0001333811378572,0.923835028396068,-0.3689748811108861,0.4249286787174104,1.0,6.70962520281293e-05,0.0005127534365569,-0.0011146326178384,0.0,0.0,0.0,0.0005127534365569,0.0275350203485905,-0.0135183541672617,0.0,0.0,0.0,-0.0011146326178384,-0.0135183541672617,0.0195754638903457,0.0,0.0,0.0,0.0,0.0,0.0,0.0,0.0,0.0,0.0,0.0,0.0,0.0,0.0,0.0,0.0,0.0,0.0,0.0,0.0,0.0,0,0,0,0,26,,121
2.798577075,0,1735643777088230371,map,0.9686855859792936,-0.2198220327148616,0.0263057762110945,-0.4868043002639265,0.4853796447792881,-0.4975364470618942,0.5290422076956691,0.0,0.0,0.0,1,0.0107614770531654,0,1735643777088253974,map,0.9546620858019976,-0.2527237916477531,0.1497183454759004,-0.4938204391753904,0.4938522611762984,-0.4991015336957906,0.5129804840792594,0.0,0.0,0.0,16,0.122350163757801,0,1735643777088270664,map,0.978426672563627,0.0603524484743386,0.0264876495077823,-0.4944561408187224,0.4927503703067199,-0.4915463198544192,0.5206653558734474,0.0,0.0,0.0,17,0.0087650911882519,0,1735643777088284730,map,0.9639218117488412,-0.2514838973816937,0.2338175407792761,-0.4898475571881228,0.5026099485973288,-0.4968716876876047,0.5104420988342271,0.0,0.0,0.0,121,0.383272647857666,0,1735643777088297367,map,1.007368762951138,0.2169939345674896,0.24357165922221,0.5008478297488924,-0.4977539028642904,0.5015211311773086,-0.4998690414516824,0.0,0.0,0.0,122,0.0013585658743977,0,1735643777088310956,map,0.9985503126868988,0.2115563670945177,0.1443768079644663,-0.4773208762087606,0.5045877352598916,-0.4935438432231561,0.5234218885154791,0.0,0.0,0.0,124,0.0022411367390304,0,1735643777088322877,map,0.9564458610718268,-0.0215911174345644,0.2394734085490591,0.5067058068149466,-0.5023745190167986,0.4926412407291228,-0.4981703282166901,0.0,0.0,0.0,125,0.1110589876770973,0,1735643777088343858,map,0.9612580864986824,-0.0177507944115982,0.142591503002855,0.5063736955984447,-0.4979951448216224,0.500738582411076,-0.4948205616433202,0.0,0.0,0.0,126,0.0660493448376655,0,1735644242188269615,map,0.9732822750558732,0.3275442375301803,0.0286218994455381,-0.4885997207751324,0.4936496137383498,-0.4935551660051538,0.5234344943009255,0.0,0.0,0.0,0,0.0001333811378572,0.923835028396068,-0.3689748811108861,0.4249286787174104,1.0,6.70962520281293e-05,0.0005127534365569,-0.0011146326178384,0.0,0.0,0.0,0.0005127534365569,0.0275350203485905,-0.0135183541672617,0.0,0.0,0.0,-0.0011146326178384,-0.0135183541672617,0.0195754638903457,0.0,0.0,0.0,0.0,0.0,0.0,0.0,0.0,0.0,0.0,0.0,0.0,0.0,0.0,0.0,0.0,0.0,0.0,0.0,0.0,0.0,0,0,0,0,26,,121
2.900268225,0,1735643777088230371,map,0.9686855859792936,-0.2198220327148616,0.0263057762110945,-0.4868043002639265,0.4853796447792881,-0.4975364470618942,0.5290422076956691,0.0,0.0,0.0,1,0.0107614770531654,0,1735643777088253974,map,0.9546620858019976,-0.2527237916477531,0.1497183454759004,-0.4938204391753904,0.4938522611762984,-0.4991015336957906,0.5129804840792594,0.0,0.0,0.0,16,0.122350163757801,0,1735643777088270664,map,0.978426672563627,0.0603524484743386,0.0264876495077823,-0.4944561408187224,0.4927503703067199,-0.4915463198544192,0.5206653558734474,0.0,0.0,0.0,17,0.0087650911882519,0,1735643777088284730,map,0.9646373562554098,-0.2516412298181151,0.2336736665261345,-0.4937706207659154,0.5018221088392414,-0.4904911745009608,0.5135986301434682,0.0,0.0,0.0,121,0.3824498057365417,0,1735643777088297367,map,1.007368762951138,0.2169939345674896,0.24357165922221,0.5008478297488924,-0.4977539028642904,0.5015211311773086,-0.4998690414516824,0.0,0.0,0.0,122,0.0013585658743977,0,1735643777088310956,map,0.9985503126868988,0.2115563670945177,0.1443768079644663,-0.4773208762087606,0.5045877352598916,-0.4935438432231561,0.5234218885154791,0.0,0.0,0.0,124,0.0022411367390304,0,1735643777088322877,map,0.957516914704056,-0.0210893056442661,0.2392596027565899,-0.5081718398723883,0.5009620325217049,-0.4875601725948834,0.5030740514394297,0.0,0.0,0.0,125,0.1103726476430893,0,1735643777088343858,map,0.9612580864986824,-0.0177507944115982,0.142591503002855,0.5063736955984447,-0.4979951448216224,0.500738582411076,-0.4948205616433202,0.0,0.0,0.0,126,0.0660493448376655,0,1735644242188269615,map,0.9732822750558732,0.3275442375301803,0.0286218994455381,-0.4885997207751324,0.4936496137383498,-0.4935551660051538,0.5234344943009255,0.0,0.0,0.0,0,0.0001333811378572,0.923835028396068,-0.3689748811108861,0.4249286787174104,1.0,6.70962520281293e-05,0.0005127534365569,-0.0011146326178384,0.0,0.0,0.0,0.0005127534365569,0.0275350203485905,-0.0135183541672617,0.0,0.0,0.0,-0.0011146326178384,-0.0135183541672617,0.0195754638903457,0.0,0.0,0.0,0.0,0.0,0.0,0.0,0.0,0.0,0.0,0.0,0.0,0.0,0.0,0.0,0.0,0.0,0.0,0.0,0.0,0.0,0,0,0,0,26,,121
2.999395691,0,1735643777088230371,map,0.9686855859792936,-0.2198220327148616,0.0263057762110945,-0.4868043002639265,0.4853796447792881,-0.4975364470618942,0.5290422076956691,0.0,0.0,0.0,1,0.0107614770531654,0,1735643777088253974,map,0.9546620858019976,-0.2527237916477531,0.1497183454759004,-0.4938204391753904,0.4938522611762984,-0.4991015336957906,0.5129804840792594,0.0,0.0,0.0,16,0.122350163757801,0,1735643777088270664,map,0.978426672563627,0.0603524484743386,0.0264876495077823,-0.4944561408187224,0.4927503703067199,-0.4915463198544192,0.5206653558734474,0.0,0.0,0.0,17,0.0087650911882519,0,1735643777088284730,map,0.9643059592981926,-0.2515763546289471,0.2337725781025163,-0.4924791704746755,0.5019026685710967,-0.4923161751907916,0.5130134126660799,0.0,0.0,0.0,121,0.3829572796821594,0,1735643777088297367,map,1.007368762951138,0.2169939345674896,0.24357165922221,0.5008478297488924,-0.4977539028642904,0.5015211311773086,-0.4998690414516824,0.0,0.0,0.0,122,0.0013585658743977,0,1735643777088310956,map,0.9985503126868988,0.2115563670945177,0.1443768079644663,-0.4773208762087606,0.5045877352598916,-0.4935438432231561,0.5234218885154791,0.0,0.0,0.0,124,0.0022411367390304,0,1735643777088322877,map,0.9568498341774072,-0.0214366197410587,0.2393915425892762,0.507357409182034,-0.5019351581988319,0.4911637014974578,-0.499407423496411,0.0,0.0,0.0,125,0.1108456924557685,0,1735643777088343858,map,0.9612580864986824,-0.0177507944115982,0.142591503002855,0.5063736955984447,-0.4979951448216224,0.500738582411076,-0.4948205616433202,0.0,0.0,0.0,126,0.0660493448376655,0,1735644242188269615,map,0.9732822750558732,0.3275442375301803,0.0286218994455381,-0.4885997207751324,0.4936496137383498,-0.4935551660051538,0.5234344943009255,0.0,0.0,0.0,0,0.0001333811378572,0.923835028396068,-0.3689748811108861,0.4249286787174104,1.0,6.70962520281293e-05,0.0005127534365569,-0.0011146326178384,0.0,0.0,0.0,0.0005127534365569,0.0275350203485905,-0.0135183541672617,0.0,0.0,0.0,-0.0011146326178384,-0.0135183541672617,0.0195754638903457,0.0,0.0,0.0,0.0,0.0,0.0,0.0,0.0,0.0,0.0,0.0,0.0,0.0,0.0,0.0,0.0,0.0,0.0,0.0,0.0,0.0,0,0,0,0,26,,121
3.100686282,0,1735643777088230371,map,0.9686855859792936,-0.2198220327148616,0.0263057762110945,-0.4868043002639265,0.4853796447792881,-0.4975364470618942,0.5290422076956691,0.0,0.0,0.0,1,0.0107614770531654,0,1735643777088253974,map,0.9546620858019976,-0.2527237916477531,0.1497183454759004,-0.4938204391753904,0.4938522611762984,-0.4991015336957906,0.5129804840792594,0.0,0.0,0.0,16,0.122350163757801,0,1735643777088270664,map,0.978426672563627,0.0603524484743386,0.0264876495077823,-0.4944561408187224,0.4927503703067199,-0.4915463198544192,0.5206653558734474,0.0,0.0,0.0,17,0.0087650911882519,0,1735643777088284730,map,0.9639560020666488,-0.2515252878787152,0.2337764100916187,-0.4889842602873548,0.5033932780763277,-0.4976499074497298,0.5097393161156722,0.0,0.0,0.0,121,0.3830849528312683,0,1735643777088297367,map,1.007368762951138,0.2169939345674896,0.24357165922221,0.5008478297488924,-0.4977539028642904,0.5015211311773086,-0.4998690414516824,0.0,0.0,0.0,122,0.0013585658743977,0,1735643777088310956,map,0.9985503126868988,0.2115563670945177,0.1443768079644663,-0.4773208762087606,0.5045877352598916,-0.4935438432231561,0.5234218885154791,0.0,0.0,0.0,124,0.0022411367390304,0,1735643777088322877,map,0.9563583123497658,-0.0216720520213188,0.2395169400204232,0.5066766435949472,-0.5027988364070937,0.4932067415331165,-0.4972114429991702,0.0,0.0,0.0,125,0.111172080039978,0,1735643777088343858,map,0.9612580864986824,-0.0177507944115982,0.142591503002855,0.5063736955984447,-0.4979951448216224,0.500738582411076,-0.4948205616433202,0.0,0.0,0.0,126,0.0660493448376655,0,1735644242188269615,map,0.9732822750558732,0.3275442375301803,0.0286218994455381,-0.4885997207751324,0.4936496137383498,-0.4935551660051538,0.5234344943009255,0.0,0.0,0.0,0,0.0001333811378572,0.923835028396068,-0.3689748811108861,0.4249286787174104,1.0,6.70962520281293e-05,0.0005127534365569,-0.0011146326178384,0.0,0.0,0.0,0.0005127534365569,0.0275350203485905,-0.0135183541672617,0.0,0.0,0.0,-0.0011146326178384,-0.0135183541672617,0.0195754638903457,0.0,0.0,0.0,0.0,0.0,0.0,0.0,0.0,0.0,0.0,0.0,0.0,0.0,0.0,0.0,0.0,0.0,0.0,0.0,0.0,0.0,0,0,0,1,26,,121
3.197897331,0,1735643777088230371,map,0.9686855859792936,-0.2198220327148616,0.0263057762110945,-0.4868043002639265,0.4853796447792881,-0.4975364470618942,0.5290422076956691,0.0,0.0,0.0,1,0.0228373166173696,0,1735643777088253974,map,0.9546620858019976,-0.2527237916477531,0.1497183454759004,-0.4938204391753904,0.4938522611762984,-0.4991015336957906,0.5129804840792594,0.0,0.0,0.0,16,0.1763513535261154,0,1735643777088270664,map,0.978426672563627,0.0603524484743386,0.0264876495077823,-0.4944561408187224,0.4927503703067199,-0.4915463198544192,0.5206653558734474,0.0,0.0,0.0,17,0.0084614111110568,0,1735643777088284730,map,0.9640957950423624,-0.2516973671819904,0.2338195826702618,-0.4905417660744852,0.5011990477846356,-0.4960487701199994,0.5119608460602587,0.0,0.0,0.0,121,0.4401459097862243,0,1735643777088297367,map,1.007368762951138,0.2169939345674896,0.24357165922221,0.5008478297488924,-0.4977539028642904,0.5015211311773086,-0.4998690414516824,0.0,0.0,0.0,122,0.0013618631055578,0,1735643777088310956,map,0.9985503126868988,0.2115563670945177,0.1443768079644663,-0.4773208762087606,0.5045877352598916,-0.4935438432231561,0.5234218885154791,0.0,0.0,0.0,124,0.0018344415584579,0,1735643777088322877,map,0.9569472932966834,-0.0216107637239807,0.2394096467497772,0.5066941002948996,-0.5032200401631161,0.4931057233667505,-0.4968676136432399,0.0,0.0,0.0,125,0.1003065705299377,0,1735643777088343858,map,0.9612580864986824,-0.0177507944115982,0.142591503002855,0.5063736955984447,-0.4979951448216224,0.500738582411076,-0.4948205616433202,0.0,0.0,0.0,126,0.0615054741501808,0,1735644242188269615,map,0.9732822750558732,0.3275442375301803,0.0286218994455381,-0.4885997207751324,0.4936496137383498,-0.4935551660051538,0.5234344943009255,0.0,0.0,0.0,0,9.467044583288951e-05,0.92449471768253,-0.3740854812398687,0.416119082047778,1.0,7.592614447820039e-05,0.0004061059565718,-0.001224451438355,0.0,0.0,0.0,0.0004061059565718,0.0271942788557615,-0.0118470939105102,0.0,0.0,0.0,-0.001224451438355,-0.0118470939105102,0.0208682805397434,0.0,0.0,0.0,0.0,0.0,0.0,0.0,0.0,0.0,0.0,0.0,0.0,0.0,0.0,0.0,0.0,0.0,0.0,0.0,0.0,0.0,0,0,0,1,27,,121
3.300413312,0,1735643777088230371,map,0.9686855859792936,-0.2198220327148616,0.0263057762110945,-0.4868043002639265,0.4853796447792881,-0.4975364470618942,0.5290422076956691,0.0,0.0,0.0,1,0.0331626906991004,0,1735643777088253974,map,0.9546620858019976,-0.2527237916477531,0.1497183454759004,-0.4938204391753904,0.4938522611762984,-0.4991015336957906,0.5129804840792594,0.0,0.0,0.0,16,0.2131580859422683,0,1735643777088270664,map,0.978426672563627,0.0603524484743386,0.0264876495077823,-0.4944561408187224,0.4927503703067199,-0.4915463198544192,0.5206653558734474,0.0,0.0,0.0,17,0.0084041375666856,0,1735643777088284730,map,0.9647783442170776,-0.2521298740912969,0.2337101463636924,-0.486780847870238,0.5049152730730776,-0.5015130337469715,0.5065467896909241,0.0,0.0,0.0,121,0.4764786064624786,0,1735643777088297367,map,1.007368762951138,0.2169939345674896,0.24357165922221,0.5008478297488924,-0.4977539028642904,0.5015211311773086,-0.4998690414516824,0.0,0.0,0.0,122,0.001070563099347,0,1735643777088310956,map,0.9985503126868988,0.2115563670945177,0.1443768079644663,-0.4773208762087606,0.5045877352598916,-0.4935438432231561,0.5234218885154791,0.0,0.0,0.0,124,0.0014292752603068,0,1735643777088322877,map,0.9583266048081236,-0.021304462332964,0.2391131665106128,0.5105701026125652,-0.502394305780915,0.4872033313661398,-0.4995508440017315,0.0,0.0,0.0,125,0.0910216942429542,0,1735643777088343858,map,0.9612580864986824,-0.0177507944115982,0.142591503002855,0.5063736955984447,-0.4979951448216224,0.500738582411076,-0.4948205616433202,0.0,0.0,0.0,126,0.059176780283451,0,1735644242188269615,map,0.9732822750558732,0.3275442375301803,0.0286218994455381,-0.4885997207751324,0.4936496137383498,-0.4935551660051538,0.5234344943009255,0.0,0.0,0.0,0,6.737920921295881e-05,0.9250430664654716,-0.3756607955258143,0.408230453395107,1.0,8.133302893046622e-05,0.0003682789872794,-0.0012975154677031,0.0,0.0,0.0,0.0003682789872794,0.0262900582185994,-0.0110884525395533,0.0,0.0,0.0,-0.0012975154677031,-0.0110884525395533,0.0218032072807141,0.0,0.0,0.0,0.0,0.0,0.0,0.0,0.0,0.0,0.0,0.0,0.0,0.0,0.0,0.0,0.0,0.0,0.0,0.0,0.0,0.0,0,0,0,1,28,,121
3.399099924,0,1735643777088230371,map,0.9686855859792936,-0.2198220327148616,0.0263057762110945,-0.4868043002639265,0.4853796447792881,-0.4975364470618942,0.5290422076956691,0.0,0.0,0.0,1,0.0421597845852375,0,1735643777088253974,map,0.9546620858019976,-0.2527237916477531,0.1497183454759004,-0.4938204391753904,0.4938522611762984,-0.4991015336957906,0.5129804840792594,0.0,0.0,0.0,16,0.2408345490694046,0,1735643777088270664,map,0.978426672563627,0.0603524484743386,0.0264876495077823,-0.4944561408187224,0.4927503703067199,-0.4915463198544192,0.5206653558734474,0.0,0.0,0.0,17,0.0078899720683693,0,1735643777088284730,map,0.965476905576527,-0.2526747115032516,0.233666247816294,-0.4935470052655391,0.5077641103358116,-0.4866615087326512,0.5116126833517318,0.0,0.0,0.0,121,0.5002598762512207,0,1735643777088297367,map,1.007368762951138,0.2169939345674896,0.24357165922221,0.5008478297488924,-0.4977539028642904,0.5015211311773086,-0.4998690414516824,0.0,0.0,0.0,122,0.0008417427306994,0,1735643777088310956,map,0.9985503126868988,0.2115563670945177,0.1443768079644663,-0.4773208762087606,0.5045877352598916,-0.4935438432231561,0.5234218885154791,0.0,0.0,0.0,124,0.0011115730740129,0,1735643777088322877,map,0.9560859429003914,-0.0235062327493097,0.2400838892975721,-0.4984129943255641,0.5072280266510896,-0.4984472571101122,0.4958372192025042,0.0,0.0,0.0,125,0.0851277112960815,0,1735643777088343858,map,0.9612580864986824,-0.0177507944115982,0.142591503002855,0.5063736955984447,-0.4979951448216224,0.500738582411076,-0.4948205616433202,0.0,0.0,0.0,126,0.0555004216730594,0,1735644242188269615,map,0.9732822750558732,0.3275442375301803,0.0286218994455381,-0.4885997207751324,0.4936496137383498,-0.4935551660051538,0.5234344943009255,0.0,0.0,0.0,0,4.7432040446437895e-05,0.9255320037254045,-0.3773786313413825,0.401262841135721,1.0,8.522211176218401e-05,0.000332062121629,-0.0013481618619223,0.0,0.0,0.0,0.000332062121629,0.0254661313638226,-0.0103709541182863,0.0,0.0,0.0,-0.0013481618619223,-0.0103709541182863,0.0224107059236165,0.0,0.0,0.0,0.0,0.0,0.0,0.0,0.0,0.0,0.0,0.0,0.0,0.0,0.0,0.0,0.0,0.0,0.0,0.0,0.0,0.0,0,0,0,1,29,,121
3.499559131,0,1735643777088230371,map,0.9686855859792936,-0.2198220327148616,0.0263057762110945,-0.4868043002639265,0.4853796447792881,-0.4975364470618942,0.5290422076956691,0.0,0.0,0.0,1,0.049404039978981,0,1735643777088253974,map,0.9546620858019976,-0.2527237916477531,0.1497183454759004,-0.4938204391753904,0.4938522611762984,-0.4991015336957906,0.5129804840792594,0.0,0.0,0.0,16,0.2613416910171509,0,1735643777088270664,map,0.978426672563627,0.0603524484743386,0.0264876495077823,-0.4944561408187224,0.4927503703067199,-0.4915463198544192,0.5206653558734474,0.0,0.0,0.0,17,0.0072376355528831,0,1735643777088284730,map,0.9664147645473846,-0.2534193150480789,0.2332160539039505,-0.4914971434656554,0.5106020472186885,-0.488830767572625,0.5086851560794199,0.0,0.0,0.0,121,0.5152552127838135,0,1735643777088297367,map,1.007368762951138,0.2169939345674896,0.24357165922221,0.5008478297488924,-0.4977539028642904,0.5015211311773086,-0.4998690414516824,0.0,0.0,0.0,122,0.0006565226358361,0,1735643777088310956,map,0.9985503126868988,0.2115563670945177,0.1443768079644663,-0.4773208762087606,0.5045877352598916,-0.4935438432231561,0.5234218885154791,0.0,0.0,0.0,124,0.0008648970979265,0,1735643777088322877,map,0.9615851080476088,-0.0208572377998566,0.238377015302339,0.516131631552166,-0.5116214637178707,0.4835761167429517,-0.4878583360877313,0.0,0.0,0.0,125,0.0744203552603721,0,1735643777088343858,map,0.9612580864986824,-0.0177507944115982,0.142591503002855,0.5063736955984447,-0.4979951448216224,0.500738582411076,-0.4948205616433202,0.0,0.0,0.0,126,0.0515918470919132,0,1735644242188269615,map,0.9732822750558732,0.3275442375301803,0.0286218994455381,-0.4885997207751324,0.4936496137383498,-0.4935551660051538,0.5234344943009255,0.0,0.0,0.0,0,3.33925272570923e-05,0.9259651023220836,-0.3788350710370768,0.3950771518983837,1.0,8.782103214237039e-05,0.0003027007065791,-0.001380914519709,0.0,0.0,0.0,0.0003027007065791,0.0246787755993904,-0.0097639922305126,0.0,0.0,0.0,-0.001380914519709,-0.0097639922305126,0.0227733021817157,0.0,0.0,0.0,0.0,0.0,0.0,0.0,0.0,0.0,0.0,0.0,0.0,0.0,0.0,0.0,0.0,0.0,0.0,0.0,0.0,0.0,0,0,0,1,30,,121
3.597338225,0,1735643777088230371,map,0.9686855859792936,-0.2198220327148616,0.0263057762110945,-0.4868043002639265,0.4853796447792881,-0.4975364470618942,0.5290422076956691,0.0,0.0,0.0,1,0.0558280013501644,0,1735643777088253974,map,0.9546620858019976,-0.2527237916477531,0.1497183454759004,-0.4938204391753904,0.4938522611762984,-0.4991015336957906,0.5129804840792594,0.0,0.0,0.0,16,0.2795004844665527,0,1735643777088270664,map,0.978426672563627,0.0603524484743386,0.0264876495077823,-0.4944561408187224,0.4927503703067199,-0.4915463198544192,0.5206653558734474,0.0,0.0,0.0,17,0.0069070016033947,0,1735643777088284730,map,0.9692621749493392,-0.2540209669634836,0.2320293940084531,-0.4968595229126303,0.5196581731113167,-0.4864865571914913,0.4964038953126903,0.0,0.0,0.0,121,0.5279232263565063,0,1735643777088297367,map,1.007368762951138,0.2169939345674896,0.24357165922221,0.5008478297488924,-0.4977539028642904,0.5015211311773086,-0.4998690414516824,0.0,0.0,0.0,122,0.0005068437894806,0,1735643777088310956,map,0.9985503126868988,0.2115563670945177,0.1443768079644663,-0.4773208762087606,0.5045877352598916,-0.4935438432231561,0.5234218885154791,0.0,0.0,0.0,124,0.0006907484494149,0,1735643777088322877,map,0.9576085119858206,-0.0234330505089587,0.2390901936591827,-0.5018463248785372,0.5173987935137545,-0.4966420235492834,0.483523996427571,0.0,0.0,0.0,125,0.0713559091091156,0,1735643777088343858,map,0.9612580864986824,-0.0177507944115982,0.142591503002855,0.5063736955984447,-0.4979951448216224,0.500738582411076,-0.4948205616433202,0.0,0.0,0.0,126,0.0492828115820884,0,1735644242188269615,map,0.9732822750558732,0.3275442375301803,0.0286218994455381,-0.4885997207751324,0.4936496137383498,-0.4935551660051538,0.5234344943009255,0.0,0.0,0.0,0,2.4741988454479724e-05,0.9263453152388694,-0.3786972927514713,0.3893469124791401,1.0,8.932495148436787e-05,0.0002945077201724,-0.001401730221345,0.0,0.0,0.0,0.0002945077201724,0.0238832555496058,-0.0094727098161046,0.0,0.0,0.0,-0.001401730221345,-0.0094727098161046,0.0230237488447482,0.0,0.0,0.0,0.0,0.0,0.0,0.0,0.0,0.0,0.0,0.0,0.0,0.0,0.0,0.0,0.0,0.0,0.0,0.0,0.0,0.0,0,0,0,1,31,on,121
3.698358846,0,1735643777088230371,map,0.9686855859792936,-0.2198220327148616,0.0263057762110945,-0.4868043002639265,0.4853796447792881,-0.4975364470618942,0.5290422076956691,0.0,0.0,0.0,1,0.0624035522341728,0,1735643777088253974,map,0.9546620858019976,-0.2527237916477531,0.1497183454759004,-0.4938204391753904,0.4938522611762984,-0.4991015336957906,0.5129804840792594,0.0,0.0,0.0,16,0.298127144575119,0,1735643777088270664,map,0.978426672563627,0.0603524484743386,0.0264876495077823,-0.4944561408187224,0.4927503703067199,-0.4915463198544192,0.5206653558734474,0.0,0.0,0.0,17,0.0069400053471326,0,1735643777088284730,map,0.9666352756927968,-0.2532998169211524,0.2323848669241872,-0.4856136835872596,0.5139470977976016,-0.5017392501529223,0.4982925404159877,0.0,0.0,0.0,121,0.5466899275779724,0,1735643777088297367,map,1.007368762951138,0.2169939345674896,0.24357165922221,0.5008478297488924,-0.4977539028642904,0.5015211311773086,-0.4998690414516824,0.0,0.0,0.0,122,0.0004038274637423,0,1735643777088310956,map,0.9985503126868988,0.2115563670945177,0.1443768079644663,-0.4773208762087606,0.5045877352598916,-0.4935438432231561,0.5234218885154791,0.0,0.0,0.0,124,0.0005826596170663,0,1735643777088322877,map,0.9573738441657234,-0.0228719067569191,0.23883940883244,-0.4979099747821765,0.5117516424367803,-0.5006138777952309,0.4894707946696022,0.0,0.0,0.0,125,0.0671742260456085,0,1735643777088343858,map,0.9612580864986824,-0.0177507944115982,0.142591503002855,0.5063736955984447,-0.4979951448216224,0.500738582411076,-0.4948205616433202,0.0,0.0,0.0,126,0.0487370938062667,0,1735644242188269615,map,0.9732822750558732,0.3275442375301803,0.0286218994455381,-0.4885997207751324,0.4936496137383498,-0.4935551660051538,0.5234344943009255,0.0,0.0,0.0,0,1.999574305955321e-05,0.9266917157736853,-0.3772304240926691,0.3838422648385903,1.0,9.025333999662064e-05,0.0003010562006423,-0.0014170373514144,0.0,0.0,0.0,0.0003010562006423,0.023203606627208,-0.0094270000825031,0.0,0.0,0.0,-0.0014170373514144,-0.0094270000825031,0.0232435922083947,0.0,0.0,0.0,0.0,0.0,0.0,0.0,0.0,0.0,0.0,0.0,0.0,0.0,0.0,0.0,0.0,0.0,0.0,0.0,0.0,0.0,0,0,0,1,32,on,121
3.798974029,0,1735643777088230371,map,0.9686855859792936,-0.2198220327148616,0.0263057762110945,-0.4868043002639265,0.4853796447792881,-0.4975364470618942,0.5290422076956691,0.0,0.0,0.0,1,0.0655477046966552,0,1735643777088253974,map,0.9546620858019976,-0.2527237916477531,0.1497183454759004,-0.4938204391753904,0.4938522611762984,-0.4991015336957906,0.5129804840792594,0.0,0.0,0.0,16,0.3082472383975982,0,1735643777088270664,map,0.978426672563627,0.0603524484743386,0.0264876495077823,-0.4944561408187224,0.4927503703067199,-0.4915463198544192,0.5206653558734474,0.0,0.0,0.0,17,0.0066252732649445,0,1735643777088284730,map,0.962853335162067,-0.2525363158748746,0.2336641574345706,-0.4930574568393288,0.5120704976267677,-0.4906786138343713,0.5038974574662853,0.0,0.0,0.0,121,0.5595605373382568,0,1735643777088297367,map,1.007368762951138,0.2169939345674896,0.24357165922221,0.5008478297488924,-0.4977539028642904,0.5015211311773086,-0.4998690414516824,0.0,0.0,0.0,122,0.0003196523466613,0,1735643777088310956,map,0.9985503126868988,0.2115563670945177,0.1443768079644663,-0.4773208762087606,0.5045877352598916,-0.4935438432231561,0.5234218885154791,0.0,0.0,0.0,124,0.0004815866413991,0,1735643777088322877,map,0.9573738441657234,-0.0228719067569191,0.23883940883244,-0.4979099747821765,0.5117516424367803,-0.5006138777952309,0.4894707946696022,0.0,0.0,0.0,125,0.0631095692515373,0,1735643777088343858,map,0.9612580864986824,-0.0177507944115982,0.142591503002855,0.5063736955984447,-0.4979951448216224,0.500738582411076,-0.4948205616433202,0.0,0.0,0.0,126,0.0469582676887512,0,1735644242188269615,map,0.9732822750558732,0.3275442375301803,0.0286218994455381,-0.4885997207751324,0.4936496137383498,-0.4935551660051538,0.5234344943009255,0.0,0.0,0.0,0,1.5511628589592874e-05,0.9269598028958992,-0.3761326727651203,0.3795900328039634,1.0,8.981825286285487e-05,0.0003013506612892,-0.0014105758223868,0.0,0.0,0.0,0.0003013506612892,0.0225390288877125,-0.0092907060008902,0.0,0.0,0.0,-0.0014105758223868,-0.0092907060008902,0.0231178482021943,0.0,0.0,0.0,0.0,0.0,0.0,0.0,0.0,0.0,0.0,0.0,0.0,0.0,0.0,0.0,0.0,0.0,0.0,0.0,0.0,0.0,0,0,0,1,33,,121
3.899470637,0,1735643777088230371,map,0.9686855859792936,-0.2198220327148616,0.0263057762110945,-0.4868043002639265,0.4853796447792881,-0.4975364470618942,0.5290422076956691,0.0,0.0,0.0,1,0.0672230646014213,0,1735643777088253974,map,0.9546620858019976,-0.2527237916477531,0.1497183454759004,-0.4938204391753904,0.4938522611762984,-0.4991015336957906,0.5129804840792594,0.0,0.0,0.0,16,0.3157561719417572,0,1735643777088270664,map,0.978426672563627,0.0603524484743386,0.0264876495077823,-0.4944561408187224,0.4927503703067199,-0.4915463198544192,0.5206653558734474,0.0,0.0,0.0,17,0.0065158302895724,0,1735643777088284730,map,0.9613784816334614,-0.2526724627021111,0.234523770288398,-0.4844765638922882,0.5121234766934731,-0.500193311538306,0.5028107544104984,0.0,0.0,0.0,121,0.5725234150886536,0,1735643777088297367,map,1.007368762951138,0.2169939345674896,0.24357165922221,0.5008478297488924,-0.4977539028642904,0.5015211311773086,-0.4998690414516824,0.0,0.0,0.0,122,0.0002672544505912,0,1735643777088310956,map,0.9985503126868988,0.2115563670945177,0.1443768079644663,-0.4773208762087606,0.5045877352598916,-0.4935438432231561,0.5234218885154791,0.0,0.0,0.0,124,0.000422389653977,0,1735643777088322877,map,0.9573738441657234,-0.0228719067569191,0.23883940883244,-0.4979099747821765,0.5117516424367803,-0.5006138777952309,0.4894707946696022,0.0,0.0,0.0,125,0.0609176456928253,0,1735643777088343858,map,0.9612580864986824,-0.0177507944115982,0.142591503002855,0.5063736955984447,-0.4979951448216224,0.500738582411076,-0.4948205616433202,0.0,0.0,0.0,126,0.046385534107685,0,1735644242188269615,map,0.9732822750558732,0.3275442375301803,0.0286218994455381,-0.4885997207751324,0.4936496137383498,-0.4935551660051538,0.5234344943009255,0.0,0.0,0.0,0,1.30506232380867e-05,0.9271691569211564,-0.3741006201217962,0.3760206516180804,1.0,8.862290010377643e-05,0.0003065262137591,-0.001393748020724,0.0,0.0,0.0,0.0003065262137591,0.0220123811255609,-0.009256804567676,0.0,0.0,0.0,-0.001393748020724,-0.009256804567676,0.0228583473980195,0.0,0.0,0.0,0.0,0.0,0.0,0.0,0.0,0.0,0.0,0.0,0.0,0.0,0.0,0.0,0.0,0.0,0.0,0.0,0.0,0.0,0,0,0,1,34,,121
3.998024198,0,1735643777088230371,map,0.9686855859792936,-0.2198220327148616,0.0263057762110945,-0.4868043002639265,0.4853796447792881,-0.4975364470618942,0.5290422076956691,0.0,0.0,0.0,1,0.0675107985734939,0,1735643777088253974,map,0.9546620858019976,-0.2527237916477531,0.1497183454759004,-0.4938204391753904,0.4938522611762984,-0.4991015336957906,0.5129804840792594,0.0,0.0,0.0,16,0.3204809725284576,0,1735643777088270664,map,0.978426672563627,0.0603524484743386,0.0264876495077823,-0.4944561408187224,0.4927503703067199,-0.4915463198544192,0.5206653558734474,0.0,0.0,0.0,17,0.0064886598847806,0,1735643777088284730,map,0.9586653553394006,-0.251971549907552,0.2345456214538831,-0.4892626059552669,0.5058517307562743,-0.493289424619389,0.5112745568316636,0.0,0.0,0.0,121,0.5807557702064514,0,1735643777088297367,map,1.007368762951138,0.2169939345674896,0.24357165922221,0.5008478297488924,-0.4977539028642904,0.5015211311773086,-0.4998690414516824,0.0,0.0,0.0,122,0.000234603168792,0,1735643777088310956,map,0.9985503126868988,0.2115563670945177,0.1443768079644663,-0.4773208762087606,0.5045877352598916,-0.4935438432231561,0.5234218885154791,0.0,0.0,0.0,124,0.0003871315566357,0,1735643777088322877,map,0.9573738441657234,-0.0228719067569191,0.23883940883244,-0.4979099747821765,0.5117516424367803,-0.5006138777952309,0.4894707946696022,0.0,0.0,0.0,125,0.0599309876561164,0,1735643777088343858,map,0.9612580864986824,-0.0177507944115982,0.142591503002855,0.5063736955984447,-0.4979951448216224,0.500738582411076,-0.4948205616433202,0.0,0.0,0.0,126,0.0464386530220508,0,1735644242188269615,map,0.9732822750558732,0.3275442375301803,0.0286218994455381,-0.4885997207751324,0.4936496137383498,-0.4935551660051538,0.5234344943009255,0.0,0.0,0.0,0,1.160610463557532e-05,0.9273297282311416,-0.3716063034463746,0.373084864435157,1.0,8.696744419373913e-05,0.0003113858556045,-0.0013699543572925,0.0,0.0,0.0,0.0003113858556045,0.0215949908835726,-0.0092412990566501,0.0,0.0,0.0,-0.0013699543572925,-0.0092412990566501,0.0224982925351123,0.0,0.0,0.0,0.0,0.0,0.0,0.0,0.0,0.0,0.0,0.0,0.0,0.0,0.0,0.0,0.0,0.0,0.0,0.0,0.0,0.0,0,0,0,1,35,,121
4.098910984,0,1735643777088230371,map,0.9686855859792936,-0.2198220327148616,0.0263057762110945,-0.4868043002639265,0.4853796447792881,-0.4975364470618942,0.5290422076956691,0.0,0.0,0.0,1,0.0675980523228645,0,1735643777088253974,map,0.9546620858019976,-0.2527237916477531,0.1497183454759004,-0.4938204391753904,0.4938522611762984,-0.4991015336957906,0.5129804840792594,0.0,0.0,0.0,16,0.3249977827072143,0,1735643777088270664,map,0.978426672563627,0.0603524484743386,0.0264876495077823,-0.4944561408187224,0.4927503703067199,-0.4915463198544192,0.5206653558734474,0.0,0.0,0.0,17,0.0065842126496136,0,1735643777088284730,map,0.9579944693429476,-0.2520701569672851,0.2359006778560127,-0.4824968262416709,0.5027281758298257,-0.5000982820174249,0.5141623306084867,0.0,0.0,0.0,121,0.5948331952095032,0,1735643777088297367,map,1.007368762951138,0.2169939345674896,0.24357165922221,0.5008478297488924,-0.4977539028642904,0.5015211311773086,-0.4998690414516824,0.0,0.0,0.0,122,0.0002138270647265,0,1735643777088310956,map,0.9985503126868988,0.2115563670945177,0.1443768079644663,-0.4773208762087606,0.5045877352598916,-0.4935438432231561,0.5234218885154791,0.0,0.0,0.0,124,0.0003680337977129,0,1735643777088322877,map,0.9573738441657234,-0.0228719067569191,0.23883940883244,-0.4979099747821765,0.5117516424367803,-0.5006138777952309,0.4894707946696022,0.0,0.0,0.0,125,0.0598633773624897,0,1735643777088343858,map,0.9612580864986824,-0.0177507944115982,0.142591503002855,0.5063736955984447,-0.4979951448216224,0.500738582411076,-0.4948205616433202,0.0,0.0,0.0,126,0.0471594221889972,0,1735644242188269615,map,0.9732822750558732,0.3275442375301803,0.0286218994455381,-0.4885997207751324,0.4936496137383498,-0.4935551660051538,0.5234344943009255,0.0,0.0,0.0,0,1.084884934243746e-05,0.927474651901588,-0.3688135246073217,0.3703205117285815,1.0,8.52867823139737e-05,0.0003169021401079,-0.0013459217745125,0.0,0.0,0.0,0.0003169021401079,0.0212681165032308,-0.0092548042060676,0.0,0.0,0.0,-0.0013459217745125,-0.0092548042060676,0.0221407975707148,0.0,0.0,0.0,0.0,0.0,0.0,0.0,0.0,0.0,0.0,0.0,0.0,0.0,0.0,0.0,0.0,0.0,0.0,0.0,0.0,0.0,0,0,0,1,36,,121
4.199488896,0,1735643777088230371,map,0.9686855859792936,-0.2198220327148616,0.0263057762110945,-0.4868043002639265,0.4853796447792881,-0.4975364470618942,0.5290422076956691,0.0,0.0,0.0,1,0.0668231099843978,0,1735643777088253974,map,0.9546620858019976,-0.2527237916477531,0.1497183454759004,-0.4938204391753904,0.4938522611762984,-0.4991015336957906,0.5129804840792594,0.0,0.0,0.0,16,0.3277828991413116,0,1735643777088270664,map,0.978426672563627,0.0603524484743386,0.0264876495077823,-0.4944561408187224,0.4927503703067199,-0.4915463198544192,0.5206653558734474,0.0,0.0,0.0,17,0.0068285916931927,0,1735643777088284730,map,0.9569897481892627,-0.2513614437665974,0.2359385894255428,-0.4668660167073547,0.4938867419257047,-0.5159926506133826,0.5214054018772691,0.0,0.0,0.0,121,0.6038463115692139,0,1735643777088297367,map,1.007368762951138,0.2169939345674896,0.24357165922221,0.5008478297488924,-0.4977539028642904,0.5015211311773086,-0.4998690414516824,0.0,0.0,0.0,122,0.0002090942143695,0,1735643777088310956,map,0.9985503126868988,0.2115563670945177,0.1443768079644663,-0.4773208762087606,0.5045877352598916,-0.4935438432231561,0.5234218885154791,0.0,0.0,0.0,124,0.0003721766697708,0,1735643777088322877,map,0.9573738441657234,-0.0228719067569191,0.23883940883244,-0.4979099747821765,0.5117516424367803,-0.5006138777952309,0.4894707946696022,0.0,0.0,0.0,125,0.0613370016217231,0,1735643777088343858,map,0.9612580864986824,-0.0177507944115982,0.142591503002855,0.5063736955984447,-0.4979951448216224,0.500738582411076,-0.4948205616433202,0.0,0.0,0.0,126,0.0488375425338745,0,1735644242188269615,map,0.9732822750558732,0.3275442375301803,0.0286218994455381,-0.4885997207751324,0.4936496137383498,-0.4935551660051538,0.5234344943009255,0.0,0.0,0.0,0,1.097644508263329e-05,0.927585872692579,-0.36555774935277,0.3679634847336577,1.0,8.34270564598767e-05,0.0003213731737698,-0.0013189829249799,0.0,0.0,0.0,0.0003213731737698,0.0210749051539774,-0.0092809365685781,0.0,0.0,0.0,-0.0013189829249799,-0.0092809365685781,0.0217423983815439,0.0,0.0,0.0,0.0,0.0,0.0,0.0,0.0,0.0,0.0,0.0,0.0,0.0,0.0,0.0,0.0,0.0,0.0,0.0,0.0,0.0,0,0,0,1,37,,121
4.299354752,0,1735643777088230371,map,0.9686855859792936,-0.2198220327148616,0.0263057762110945,-0.4868043002639265,0.4853796447792881,-0.4975364470618942,0.5290422076956691,0.0,0.0,0.0,1,0.0663568526506424,0,1735643777088253974,map,0.9546620858019976,-0.2527237916477531,0.1497183454759004,-0.4938204391753904,0.4938522611762984,-0.4991015336957906,0.5129804840792594,0.0,0.0,0.0,16,0.3312616348266601,0,1735643777088270664,map,0.978426672563627,0.0603524484743386,0.0264876495077823,-0.4944561408187224,0.4927503703067199,-0.4915463198544192,0.5206653558734474,0.0,0.0,0.0,17,0.0071359556168317,0,1735643777088284730,map,0.9554665195667282,-0.2511867221331874,0.236741815143343,-0.4767446517365047,0.5001272012565889,-0.5064831083624731,0.5158121562617324,0.0,0.0,0.0,121,0.6169319152832031,0,1735643777088297367,map,1.007368762951138,0.2169939345674896,0.24357165922221,0.5008478297488924,-0.4977539028642904,0.5015211311773086,-0.4998690414516824,0.0,0.0,0.0,122,0.0002049824979621,0,1735643777088310956,map,0.9985503126868988,0.2115563670945177,0.1443768079644663,-0.4773208762087606,0.5045877352598916,-0.4935438432231561,0.5234218885154791,0.0,0.0,0.0,124,0.0003784376312978,0,1735643777088322877,map,0.9573738441657234,-0.0228719067569191,0.23883940883244,-0.4979099747821765,0.5117516424367803,-0.5006138777952309,0.4894707946696022,0.0,0.0,0.0,125,0.0629414841532707,0,1735643777088343858,map,0.9612580864986824,-0.0177507944115982,0.142591503002855,0.5063736955984447,-0.4979951448216224,0.500738582411076,-0.4948205616433202,0.0,0.0,0.0,126,0.0507630035281181,0,1735644242188269615,map,0.9732822750558732,0.3275442375301803,0.0286218994455381,-0.4885997207751324,0.4936496137383498,-0.4935551660051538,0.5234344943009255,0.0,0.0,0.0,0,1.1225370144529734e-05,0.9277025394835844,-0.3623368112325649,0.3655321741645425,1.0,8.173521979023854e-05,0.0003268197160233,-0.0012947680164821,0.0,0.0,0.0,0.0003268197160233,0.0209041567546125,-0.0093264521288033,0.0,0.0,0.0,-0.0012947680164821,-0.0093264521288033,0.0213889470331714,0.0,0.0,0.0,0.0,0.0,0.0,0.0,0.0,0.0,0.0,0.0,0.0,0.0,0.0,0.0,0.0,0.0,0.0,0.0,0.0,0.0,0,0,0,0,38,,121
4.400347489,0,1735643777088230371,map,0.9686855859792936,-0.2198220327148616,0.0263057762110945,-0.4868043002639265,0.4853796447792881,-0.4975364470618942,0.5290422076956691,0.0,0.0,0.0,1,0.065253347158432,0,1735643777088253974,map,0.9546620858019976,-0.2527237916477531,0.1497183454759004,-0.4938204391753904,0.4938522611762984,-0.4991015336957906,0.5129804840792594,0.0,0.0,0.0,16,0.3329366743564605,0,1735643777088270664,map,0.978426672563627,0.0603524484743386,0.0264876495077823,-0.4944561408187224,0.4927503703067199,-0.4915463198544192,0.5206653558734474,0.0,0.0,0.0,17,0.00734523544088,0,1735643777088284730,map,0.9508154462245386,-0.2518461213441298,0.235197432679893,-0.4725846914395465,0.4983323931476651,-0.5098365326535661,0.5180687650577857,0.0,0.0,0.0,121,0.623397946357727,0,1735643777088297367,map,1.007368762951138,0.2169939345674896,0.24357165922221,0.5008478297488924,-0.4977539028642904,0.5015211311773086,-0.4998690414516824,0.0,0.0,0.0,122,0.000199551708647,0,1735643777088310956,map,0.9985503126868988,0.2115563670945177,0.1443768079644663,-0.4773208762087606,0.5045877352598916,-0.4935438432231561,0.5234218885154791,0.0,0.0,0.0,124,0.0003803136351052,0,1735643777088322877,map,0.9573738441657234,-0.0228719067569191,0.23883940883244,-0.4979099747821765,0.5117516424367803,-0.5006138777952309,0.4894707946696022,0.0,0.0,0.0,125,0.0642517283558845,0,1735643777088343858,map,0.9612580864986824,-0.0177507944115982,0.142591503002855,0.5063736955984447,-0.4979951448216224,0.500738582411076,-0.4948205616433202,0.0,0.0,0.0,126,0.0523013882339,0,1735644242188269615,map,0.9732822750558732,0.3275442375301803,0.0286218994455381,-0.4885997207751324,0.4936496137383498,-0.4935551660051538,0.5234344943009255,0.0,0.0,0.0,0,1.1253896445850842e-05,0.9278017137740702,-0.3593147308922669,0.3634052569514853,1.0,8.001319543977025e-05,0.0003298288048993,-0.0012695843857824,0.0,0.0,0.0,0.0003298288048993,0.0207152055794257,-0.0093315654890396,0.0,0.0,0.0,-0.0012695843857824,-0.0093315654890396,0.0210124160134449,0.0,0.0,0.0,0.0,0.0,0.0,0.0,0.0,0.0,0.0,0.0,0.0,0.0,0.0,0.0,0.0,0.0,0.0,0.0,0.0,0.0,0,0,0,0,39,,121
4.500515365,0,1735643777088230371,map,0.9686855859792936,-0.2198220327148616,0.0263057762110945,-0.4868043002639265,0.4853796447792881,-0.4975364470618942,0.5290422076956691,0.0,0.0,0.0,1,0.064465694129467,0,1735643777088253974,map,0.9546620858019976,-0.2527237916477531,0.1497183454759004,-0.4938204391753904,0.4938522611762984,-0.4991015336957906,0.5129804840792594,0.0,0.0,0.0,16,0.3352487683296203,0,1735643777088270664,map,0.978426672563627,0.0603524484743386,0.0264876495077823,-0.4944561408187224,0.4927503703067199,-0.4915463198544192,0.5206653558734474,0.0,0.0,0.0,17,0.0075643975287675,0,1735643777088284730,map,0.9508154462245386,-0.2518461213441298,0.235197432679893,-0.4725846914395465,0.4983323931476651,-0.5098365326535661,0.5180687650577857,0.0,0.0,0.0,121,0.6325382590293884,0,1735643777088297367,map,1.007368762951138,0.2169939345674896,0.24357165922221,0.5008478297488924,-0.4977539028642904,0.5015211311773086,-0.4998690414516824,0.0,0.0,0.0,122,0.0001919434289447,0,1735643777088310956,map,0.9985503126868988,0.2115563670945177,0.1443768079644663,-0.4773208762087606,0.5045877352598916,-0.4935438432231561,0.5234218885154791,0.0,0.0,0.0,124,0.0003790222399402,0,1735643777088322877,map,0.9573738441657234,-0.0228719067569191,0.23883940883244,-0.4979099747821765,0.5117516424367803,-0.5006138777952309,0.4894707946696022,0.0,0.0,0.0,125,0.065322957932949,0,1735643777088343858,map,0.9612580864986824,-0.0177507944115982,0.142591503002855,0.5063736955984447,-0.4979951448216224,0.500738582411076,-0.4948205616433202,0.0,0.0,0.0,126,0.0538026019930839,0,1735644242188269615,map,0.9732822750558732,0.3275442375301803,0.0286218994455381,-0.4885997207751324,0.4936496137383498,-0.4935551660051538,0.5234344943009255,0.0,0.0,0.0,0,1.1190980330866296e-05,0.9279080081576796,-0.3564357975503089,0.3612018862979596,1.0,7.845350689726513e-05,0.0003335176481332,-0.0012469788072315,0.0,0.0,0.0,0.0003335176481332,0.0205205674702501,-0.0093456672841396,0.0,0.0,0.0,-0.0012469788072315,-0.0093456672841396,0.0206764444603447,0.0,0.0,0.0,0.0,0.0,0.0,0.0,0.0,0.0,0.0,0.0,0.0,0.0,0.0,0.0,0.0,0.0,0.0,0.0,0.0,0.0,0,0,0,0,40,,121
4.599200164,0,1735643777088230371,map,0.9686855859792936,-0.2198220327148616,0.0263057762110945,-0.4868043002639265,0.4853796447792881,-0.4975364470618942,0.5290422076956691,0.0,0.0,0.0,1,0.0635877773165702,0,1735643777088253974,map,0.9546620858019976,-0.2527237916477531,0.1497183454759004,-0.4938204391753904,0.4938522611762984,-0.4991015336957906,0.5129804840792594,0.0,0.0,0.0,16,0.3371292054653168,0,1735643777088270664,map,0.978426672563627,0.0603524484743386,0.0264876495077823,-0.4944561408187224,0.4927503703067199,-0.4915463198544192,0.5206653558734474,0.0,0.0,0.0,17,0.0077221505343914,0,1735643777088284730,map,0.9508154462245386,-0.2518461213441298,0.235197432679893,-0.4725846914395465,0.4983323931476651,-0.5098365326535661,0.5180687650577857,0.0,0.0,0.0,121,0.6408604979515076,0,1735643777088297367,map,1.007368762951138,0.2169939345674896,0.24357165922221,0.5008478297488924,-0.4977539028642904,0.5015211311773086,-0.4998690414516824,0.0,0.0,0.0,122,0.0001819533354137,0,1735643777088310956,map,0.9985503126868988,0.2115563670945177,0.1443768079644663,-0.4773208762087606,0.5045877352598916,-0.4935438432231561,0.5234218885154791,0.0,0.0,0.0,124,0.0003723145928233,0,1735643777088322877,map,0.9573738441657234,-0.0228719067569191,0.23883940883244,-0.4979099747821765,0.5117516424367803,-0.5006138777952309,0.4894707946696022,0.0,0.0,0.0,125,0.065991573035717,0,1735643777088343858,map,0.9612580864986824,-0.0177507944115982,0.142591503002855,0.5063736955984447,-0.4979951448216224,0.500738582411076,-0.4948205616433202,0.0,0.0,0.0,126,0.0549905933439731,0,1735644242188269615,map,0.9732822750558732,0.3275442375301803,0.0286218994455381,-0.4885997207751324,0.4936496137383498,-0.4935551660051538,0.5234344943009255,0.0,0.0,0.0,0,1.091091507987585e-05,0.9280110234802,-0.3537618816604725,0.3590910910482464,1.0,7.69644929959986e-05,0.0003364012436609,-0.0012252624601189,0.0,0.0,0.0,0.0003364012436609,0.0203060588720711,-0.0093434877379844,0.0,0.0,0.0,-0.0012252624601189,-0.0093434877379844,0.0203503592003701,0.0,0.0,0.0,0.0,0.0,0.0,0.0,0.0,0.0,0.0,0.0,0.0,0.0,0.0,0.0,0.0,0.0,0.0,0.0,0.0,0.0,0,0,0,0,41,,121
4.697897997,0,1735643777088230371,map,0.9686855859792936,-0.2198220327148616,0.0263057762110945,-0.4868043002639265,0.4853796447792881,-0.4975364470618942,0.5290422076956691,0.0,0.0,0.0,1,0.0629578903317451,0,1735643777088253974,map,0.9546620858019976,-0.2527237916477531,0.1497183454759004,-0.4938204391753904,0.4938522611762984,-0.4991015336957906,0.5129804840792594,0.0,0.0,0.0,16,0.3394879698753357,0,1735643777088270664,map,0.978426672563627,0.0603524484743386,0.0264876495077823,-0.4944561408187224,0.4927503703067199,-0.4915463198544192,0.5206653558734474,0.0,0.0,0.0,17,0.007860830053687,0,1735643777088284730,map,0.9508154462245386,-0.2518461213441298,0.235197432679893,-0.4725846914395465,0.4983323931476651,-0.5098365326535661,0.5180687650577857,0.0,0.0,0.0,121,0.6491919159889221,0,1735643777088297367,map,1.007368762951138,0.2169939345674896,0.24357165922221,0.5008478297488924,-0.4977539028642904,0.5015211311773086,-0.4998690414516824,0.0,0.0,0.0,122,0.0001698935666354,0,1735643777088310956,map,0.9985503126868988,0.2115563670945177,0.1443768079644663,-0.4773208762087606,0.5045877352598916,-0.4935438432231561,0.5234218885154791,0.0,0.0,0.0,124,0.0003612534783314,0,1735643777088322877,map,0.9573738441657234,-0.0228719067569191,0.23883940883244,-0.4979099747821765,0.5117516424367803,-0.5006138777952309,0.4894707946696022,0.0,0.0,0.0,125,0.0662982985377311,0,1735643777088343858,map,0.9612580864986824,-0.0177507944115982,0.142591503002855,0.5063736955984447,-0.4979951448216224,0.500738582411076,-0.4948205616433202,0.0,0.0,0.0,126,0.0560037307441234,0,1735644242188269615,map,0.9732822750558732,0.3275442375301803,0.0286218994455381,-0.4885997207751324,0.4936496137383498,-0.4935551660051538,0.5234344943009255,0.0,0.0,0.0,0,1.0485552593308968e-05,0.9281191457526108,-0.3512607335083613,0.3569402997744338,1.0,7.56113125249651e-05,0.0003394793129359,-0.001205624030442,0.0,0.0,0.0,0.0003394793129359,0.0200790667051101,-0.0093415810966458,0.0,0.0,0.0,-0.001205624030442,-0.0093415810966458,0.0200554888657004,0.0,0.0,0.0,0.0,0.0,0.0,0.0,0.0,0.0,0.0,0.0,0.0,0.0,0.0,0.0,0.0,0.0,0.0,0.0,0.0,0.0,0,0,0,0,42,,121
4.798737614,0,1735643777088230371,map,0.9686855859792936,-0.2198220327148616,0.0263057762110945,-0.4868043002639265,0.4853796447792881,-0.4975364470618942,0.5290422076956691,0.0,0.0,0.0,1,0.0620709173381328,0,1735643777088253974,map,0.9546620858019976,-0.2527237916477531,0.1497183454759004,-0.4938204391753904,0.4938522611762984,-0.4991015336957906,0.5129804840792594,0.0,0.0,0.0,16,0.3410319089889526,0,1735643777088270664,map,0.978426672563627,0.0603524484743386,0.0264876495077823,-0.4944561408187224,0.4927503703067199,-0.4915463198544192,0.5206653558734474,0.0,0.0,0.0,17,0.0079455878585577,0,1735643777088284730,map,0.9508154462245386,-0.2518461213441298,0.235197432679893,-0.4725846914395465,0.4983323931476651,-0.5098365326535661,0.5180687650577857,0.0,0.0,0.0,121,0.6565910577774048,0,1735643777088297367,map,1.007368762951138,0.2169939345674896,0.24357165922221,0.5008478297488924,-0.4977539028642904,0.5015211311773086,-0.4998690414516824,0.0,0.0,0.0,122,0.0001578930532559,0,1735643777088310956,map,0.9985503126868988,0.2115563670945177,0.1443768079644663,-0.4773208762087606,0.5045877352598916,-0.4935438432231561,0.5234218885154791,0.0,0.0,0.0,124,0.0003482709871605,0,1735643777088322877,map,0.9573738441657234,-0.0228719067569191,0.23883940883244,-0.4979099747821765,0.5117516424367803,-0.5006138777952309,0.4894707946696022,0.0,0.0,0.0,125,0.0664133578538894,0,1735643777088343858,map,0.9612580864986824,-0.0177507944115982,0.142591503002855,0.5063736955984447,-0.4979951448216224,0.500738582411076,-0.4948205616433202,0.0,0.0,0.0,126,0.0567901730537414,0,1735644242188269615,map,0.9732822750558732,0.3275442375301803,0.0286218994455381,-0.4885997207751324,0.4936496137383498,-0.4935551660051538,0.5234344943009255,0.0,0.0,0.0,0,9.97423194348812e-06,0.9282187055180056,-0.3488948229397258,0.3549465317403971,1.0,7.426922007729499e-05,0.0003414775242419,-0.0011859232235565,0.0,0.0,0.0,0.0003414775242419,0.0198472080438451,-0.0093224522528825,0.0,0.0,0.0,-0.0011859232235565,-0.0093224522528825,0.0197560368087824,0.0,0.0,0.0,0.0,0.0,0.0,0.0,0.0,0.0,0.0,0.0,0.0,0.0,0.0,0.0,0.0,0.0,0.0,0.0,0.0,0.0,0,0,0,0,43,,121
4.89913188,0,1735643777088230371,map,0.9686855859792936,-0.2198220327148616,0.0263057762110945,-0.4868043002639265,0.4853796447792881,-0.4975364470618942,0.5290422076956691,0.0,0.0,0.0,1,0.0611509345471859,0,1735643777088253974,map,0.9546620858019976,-0.2527237916477531,0.1497183454759004,-0.4938204391753904,0.4938522611762984,-0.4991015336957906,0.5129804840792594,0.0,0.0,0.0,16,0.3423561453819275,0,1735643777088270664,map,0.978426672563627,0.0603524484743386,0.0264876495077823,-0.4944561408187224,0.4927503703067199,-0.4915463198544192,0.5206653558734474,0.0,0.0,0.0,17,0.00800690241158,0,1735643777088284730,map,0.9508154462245386,-0.2518461213441298,0.235197432679893,-0.4725846914395465,0.4983323931476651,-0.5098365326535661,0.5180687650577857,0.0,0.0,0.0,121,0.663606584072113,0,1735643777088297367,map,1.007368762951138,0.2169939345674896,0.24357165922221,0.5008478297488924,-0.4977539028642904,0.5015211311773086,-0.4998690414516824,0.0,0.0,0.0,122,0.0001460371713619,0,1735643777088310956,map,0.9985503126868988,0.2115563670945177,0.1443768079644663,-0.4773208762087606,0.5045877352598916,-0.4935438432231561,0.5234218885154791,0.0,0.0,0.0,124,0.0003341531264595,0,1735643777088322877,map,0.9573738441657234,-0.0228719067569191,0.23883940883244,-0.4979099747821765,0.5117516424367803,-0.5006138777952309,0.4894707946696022,0.0,0.0,0.0,125,0.0663773566484451,0,1735643777088343858,map,0.9612580864986824,-0.0177507944115982,0.142591503002855,0.5063736955984447,-0.4979951448216224,0.500738582411076,-0.4948205616433202,0.0,0.0,0.0,126,0.0574541240930557,0,1735644242188269615,map,0.9732822750558732,0.3275442375301803,0.0286218994455381,-0.4885997207751324,0.4936496137383498,-0.4935551660051538,0.5234344943009255,0.0,0.0,0.0,0,9.427458280697463e-06,0.9283152823912948,-0.3466381353121455,0.3530206159044933,1.0,7.298234823289292e-05,0.0003430882563259,-0.001166968376996,0.0,0.0,0.0,0.0003430882563259,0.0196151186128421,-0.009297464526906,0.0,0.0,0.0,-0.001166968376996,-0.009297464526906,0.0194665294999195,0.0,0.0,0.0,0.0,0.0,0.0,0.0,0.0,0.0,0.0,0.0,0.0,0.0,0.0,0.0,0.0,0.0,0.0,0.0,0.0,0.0,0,0,0,0,44,,121
4.997967533,0,1735643777088230371,map,0.9686855859792936,-0.2198220327148616,0.0263057762110945,-0.4868043002639265,0.4853796447792881,-0.4975364470618942,0.5290422076956691,0.0,0.0,0.0,1,0.0603081434965133,0,1735643777088253974,map,0.9546620858019976,-0.2527237916477531,0.1497183454759004,-0.4938204391753904,0.4938522611762984,-0.4991015336957906,0.5129804840792594,0.0,0.0,0.0,16,0.3437638878822326,0,1735643777088270664,map,0.978426672563627,0.0603524484743386,0.0264876495077823,-0.4944561408187224,0.4927503703067199,-0.4915463198544192,0.5206653558734474,0.0,0.0,0.0,17,0.0080557391047477,0,1735643777088284730,map,0.9508154462245386,-0.2518461213441298,0.235197432679893,-0.4725846914395465,0.4983323931476651,-0.5098365326535661,0.5180687650577857,0.0,0.0,0.0,121,0.6704886555671692,0,1735643777088297367,map,1.007368762951138,0.2169939345674896,0.24357165922221,0.5008478297488924,-0.4977539028642904,0.5015211311773086,-0.4998690414516824,0.0,0.0,0.0,122,0.0001342617470072,0,1735643777088310956,map,0.9985503126868988,0.2115563670945177,0.1443768079644663,-0.4773208762087606,0.5045877352598916,-0.4935438432231561,0.5234218885154791,0.0,0.0,0.0,124,0.0003189838025718,0,1735643777088322877,map,0.9573738441657234,-0.0228719067569191,0.23883940883244,-0.4979099747821765,0.5117516424367803,-0.5006138777952309,0.4894707946696022,0.0,0.0,0.0,125,0.0661811977624893,0,1735643777088343858,map,0.9612580864986824,-0.0177507944115982,0.142591503002855,0.5063736955984447,-0.4979951448216224,0.500738582411076,-0.4948205616433202,0.0,0.0,0.0,126,0.0580234192311763,0,1735644242188269615,map,0.9732822750558732,0.3275442375301803,0.0286218994455381,-0.4885997207751324,0.4936496137383498,-0.4935551660051538,0.5234344943009255,0.0,0.0,0.0,0,8.85724693944212e-06,0.9284117812118962,-0.3444850962932556,0.3511178156773308,1.0,7.177024725676886e-05,0.0003446057647973,-0.0011491149374176,0.0,0.0,0.0,0.0003446057647973,0.0193831924768543,-0.0092711135419921,0.0,0.0,0.0,-0.0011491149374176,-0.0092711135419921,0.0191932484984744,0.0,0.0,0.0,0.0,0.0,0.0,0.0,0.0,0.0,0.0,0.0,0.0,0.0,0.0,0.0,0.0,0.0,0.0,0.0,0.0,0.0,0,0,0,0,45,,121
5.101382226,0,1735643777088230371,map,0.9686855859792936,-0.2198220327148616,0.0263057762110945,-0.4868043002639265,0.4853796447792881,-0.4975364470618942,0.5290422076956691,0.0,0.0,0.0,1,0.0593873411417007,0,1735643777088253974,map,0.9546620858019976,-0.2527237916477531,0.1497183454759004,-0.4938204391753904,0.4938522611762984,-0.4991015336957906,0.5129804840792594,0.0,0.0,0.0,16,0.3448258340358734,0,1735643777088270664,map,0.978426672563627,0.0603524484743386,0.0264876495077823,-0.4944561408187224,0.4927503703067199,-0.4915463198544192,0.5206653558734474,0.0,0.0,0.0,17,0.0080681769177317,0,1735643777088284730,map,0.9508154462245386,-0.2518461213441298,0.235197432679893,-0.4725846914395465,0.4983323931476651,-0.5098365326535661,0.5180687650577857,0.0,0.0,0.0,121,0.6768492460250854,0,1735643777088297367,map,1.007368762951138,0.2169939345674896,0.24357165922221,0.5008478297488924,-0.4977539028642904,0.5015211311773086,-0.4998690414516824,0.0,0.0,0.0,122,0.0001227308675879,0,1735643777088310956,map,0.9985503126868988,0.2115563670945177,0.1443768079644663,-0.4773208762087606,0.5045877352598916,-0.4935438432231561,0.5234218885154791,0.0,0.0,0.0,124,0.0003026340273208,0,1735643777088322877,map,0.9573738441657234,-0.0228719067569191,0.23883940883244,-0.4979099747821765,0.5117516424367803,-0.5006138777952309,0.4894707946696022,0.0,0.0,0.0,125,0.0658047348260879,0,1735643777088343858,map,0.9612580864986824,-0.0177507944115982,0.142591503002855,0.5063736955984447,-0.4979951448216224,0.500738582411076,-0.4948205616433202,0.0,0.0,0.0,126,0.0584151148796081,0,1735644242188269615,map,0.9732822750558732,0.3275442375301803,0.0286218994455381,-0.4885997207751324,0.4936496137383498,-0.4935551660051538,0.5234344943009255,0.0,0.0,0.0,0,8.248945050581824e-06,0.9285041590704836,-0.3424502976904803,0.3493018415808869,1.0,7.059403958439235e-05,0.000345573000319,-0.0011316831888311,0.0,0.0,0.0,0.000345573000319,0.019148136968281,-0.0092358489653625,0.0,0.0,0.0,-0.0011316831888311,-0.0092358489653625,0.0189244032522518,0.0,0.0,0.0,0.0,0.0,0.0,0.0,0.0,0.0,0.0,0.0,0.0,0.0,0.0,0.0,0.0,0.0,0.0,0.0,0.0,0.0,0,0,0,0,46,,121
5.200964343,0,1735643777088230371,map,0.9686855859792936,-0.2198220327148616,0.0263057762110945,-0.4868043002639265,0.4853796447792881,-0.4975364470618942,0.5290422076956691,0.0,0.0,0.0,1,0.0585973039269447,0,1735643777088253974,map,0.9546620858019976,-0.2527237916477531,0.1497183454759004,-0.4938204391753904,0.4938522611762984,-0.4991015336957906,0.5129804840792594,0.0,0.0,0.0,16,0.3461369276046753,0,1735643777088270664,map,0.978426672563627,0.0603524484743386,0.0264876495077823,-0.4944561408187224,0.4927503703067199,-0.4915463198544192,0.5206653558734474,0.0,0.0,0.0,17,0.008075219579041,0,1735643777088284730,map,0.9508154462245386,-0.2518461213441298,0.235197432679893,-0.4725846914395465,0.4983323931476651,-0.5098365326535661,0.5180687650577857,0.0,0.0,0.0,121,0.6832269430160522,0,1735643777088297367,map,1.007368762951138,0.2169939345674896,0.24357165922221,0.5008478297488924,-0.4977539028642904,0.5015211311773086,-0.4998690414516824,0.0,0.0,0.0,122,0.000111520246719,0,1735643777088310956,map,0.9985503126868988,0.2115563670945177,0.1443768079644663,-0.4773208762087606,0.5045877352598916,-0.4935438432231561,0.5234218885154791,0.0,0.0,0.0,124,0.0002857745566871,0,1735643777088322877,map,0.9573738441657234,-0.0228719067569191,0.23883940883244,-0.4979099747821765,0.5117516424367803,-0.5006138777952309,0.4894707946696022,0.0,0.0,0.0,125,0.0652839019894599,0,1735643777088343858,map,0.9612580864986824,-0.0177507944115982,0.142591503002855,0.5063736955984447,-0.4979951448216224,0.500738582411076,-0.4948205616433202,0.0,0.0,0.0,126,0.0587337836623191,0,1735644242188269615,map,0.9732822750558732,0.3275442375301803,0.0286218994455381,-0.4885997207751324,0.4936496137383498,-0.4935551660051538,0.5234344943009255,0.0,0.0,0.0,0,7.642580385436304e-06,0.9285978180778512,-0.3405064945797831,0.3474859236584623,1.0,6.949555118658155e-05,0.0003465948981048,-0.0011154283683348,0.0,0.0,0.0,0.0003465948981048,0.0189145348432682,-0.009201711738261,0.0,0.0,0.0,-0.0011154283683348,-0.009201711738261,0.0186734440379896,0.0,0.0,0.0,0.0,0.0,0.0,0.0,0.0,0.0,0.0,0.0,0.0,0.0,0.0,0.0,0.0,0.0,0.0,0.0,0.0,0.0,0,0,0,0,47,,121
5.298484006,0,1735643777088230371,map,0.9686855859792936,-0.2198220327148616,0.0263057762110945,-0.4868043002639265,0.4853796447792881,-0.4975364470618942,0.5290422076956691,0.0,0.0,0.0,1,0.0577232539653778,0,1735643777088253974,map,0.9546620858019976,-0.2527237916477531,0.1497183454759004,-0.4938204391753904,0.4938522611762984,-0.4991015336957906,0.5129804840792594,0.0,0.0,0.0,16,0.3471061289310455,0,1735643777088270664,map,0.978426672563627,0.0603524484743386,0.0264876495077823,-0.4944561408187224,0.4927503703067199,-0.4915463198544192,0.5206653558734474,0.0,0.0,0.0,17,0.008058195002377,0,1735643777088284730,map,0.9508154462245386,-0.2518461213441298,0.235197432679893,-0.4725846914395465,0.4983323931476651,-0.5098365326535661,0.5180687650577857,0.0,0.0,0.0,121,0.6891745924949646,0,1735643777088297367,map,1.007368762951138,0.2169939345674896,0.24357165922221,0.5008478297488924,-0.4977539028642904,0.5015211311773086,-0.4998690414516824,0.0,0.0,0.0,122,0.0001010820342344,0,1735643777088310956,map,0.9985503126868988,0.2115563670945177,0.1443768079644663,-0.4773208762087606,0.5045877352598916,-0.4935438432231561,0.5234218885154791,0.0,0.0,0.0,124,0.0002690275141503,0,1735643777088322877,map,0.9573738441657234,-0.0228719067569191,0.23883940883244,-0.4979099747821765,0.5117516424367803,-0.5006138777952309,0.4894707946696022,0.0,0.0,0.0,125,0.0646739155054092,0,1735643777088343858,map,0.9612580864986824,-0.0177507944115982,0.142591503002855,0.5063736955984447,-0.4979951448216224,0.500738582411076,-0.4948205616433202,0.0,0.0,0.0,126,0.0589406564831733,0,1735644242188269615,map,0.9732822750558732,0.3275442375301803,0.0286218994455381,-0.4885997207751324,0.4936496137383498,-0.4935551660051538,0.5234344943009255,0.0,0.0,0.0,0,7.048206043691607e-06,0.9286870646110846,-0.3386468041296661,0.3457539771363243,1.0,6.842207955715495e-05,0.0003471748045622,-0.0010994550778016,0.0,0.0,0.0,0.0003471748045622,0.0186830291168355,-0.0091613909775252,0.0,0.0,0.0,-0.0010994550778016,-0.0091613909775252,0.0184253969753754,0.0,0.0,0.0,0.0,0.0,0.0,0.0,0.0,0.0,0.0,0.0,0.0,0.0,0.0,0.0,0.0,0.0,0.0,0.0,0.0,0.0,0,0,0,0,48,,121
5.398265572,0,1735643777088230371,map,0.9686855859792936,-0.2198220327148616,0.0263057762110945,-0.4868043002639265,0.4853796447792881,-0.4975364470618942,0.5290422076956691,0.0,0.0,0.0,1,0.0567075870931148,0,1735643777088253974,map,0.9546620858019976,-0.2527237916477531,0.1497183454759004,-0.4938204391753904,0.4938522611762984,-0.4991015336957906,0.5129804840792594,0.0,0.0,0.0,16,0.3475614488124847,0,1735643777088270664,map,0.978426672563627,0.0603524484743386,0.0264876495077823,-0.4944561408187224,0.4927503703067199,-0.4915463198544192,0.5206653558734474,0.0,0.0,0.0,17,0.0080146389082074,0,1735643777088284730,map,0.9508154462245386,-0.2518461213441298,0.235197432679893,-0.4725846914395465,0.4983323931476651,-0.5098365326535661,0.5180687650577857,0.0,0.0,0.0,121,0.6945818066596985,0,1735643777088297367,map,1.007368762951138,0.2169939345674896,0.24357165922221,0.5008478297488924,-0.4977539028642904,0.5015211311773086,-0.4998690414516824,0.0,0.0,0.0,122,9.155360021395607e-05,0,1735643777088310956,map,0.9985503126868988,0.2115563670945177,0.1443768079644663,-0.4773208762087606,0.5045877352598916,-0.4935438432231561,0.5234218885154791,0.0,0.0,0.0,124,0.0002527815231587,0,1735643777088322877,map,0.9573738441657234,-0.0228719067569191,0.23883940883244,-0.4979099747821765,0.5117516424367803,-0.5006138777952309,0.4894707946696022,0.0,0.0,0.0,125,0.0640117451548576,0,1735643777088343858,map,0.9612580864986824,-0.0177507944115982,0.142591503002855,0.5063736955984447,-0.4979951448216224,0.500738582411076,-0.4948205616433202,0.0,0.0,0.0,126,0.0590400248765945,0,1735644242188269615,map,0.9732822750558732,0.3275442375301803,0.0286218994455381,-0.4885997207751324,0.4936496137383498,-0.4935551660051538,0.5234344943009255,0.0,0.0,0.0,0,6.477193892351352e-06,0.9287702406293964,-0.3368621942015167,0.3441289510045462,1.0,6.735778658766657e-05,0.0003472145683762,-0.0010835050528291,0.0,0.0,0.0,0.0003472145683762,0.0184546147729199,-0.0091136256275957,0.0,0.0,0.0,-0.0010835050528291,-0.0091136256275957,0.018176122542264,0.0,0.0,0.0,0.0,0.0,0.0,0.0,0.0,0.0,0.0,0.0,0.0,0.0,0.0,0.0,0.0,0.0,0.0,0.0,0.0,0.0,0,0,0,0,49,,121
5.49931137,0,1735643777088230371,map,0.9686855859792936,-0.2198220327148616,0.0263057762110945,-0.4868043002639265,0.4853796447792881,-0.4975364470618942,0.5290422076956691,0.0,0.0,0.0,1,0.0556022375822067,0,1735643777088253974,map,0.9546620858019976,-0.2527237916477531,0.1497183454759004,-0.4938204391753904,0.4938522611762984,-0.4991015336957906,0.5129804840792594,0.0,0.0,0.0,16,0.347636342048645,0,1735643777088270664,map,0.978426672563627,0.0603524484743386,0.0264876495077823,-0.4944561408187224,0.4927503703067199,-0.4915463198544192,0.5206653558734474,0.0,0.0,0.0,17,0.0079490086063742,0,1735643777088284730,map,0.9508154462245386,-0.2518461213441298,0.235197432679893,-0.4725846914395465,0.4983323931476651,-0.5098365326535661,0.5180687650577857,0.0,0.0,0.0,121,0.6995528340339661,0,1735643777088297367,map,1.007368762951138,0.2169939345674896,0.24357165922221,0.5008478297488924,-0.4977539028642904,0.5015211311773086,-0.4998690414516824,0.0,0.0,0.0,122,8.280675683636218e-05,0,1735643777088310956,map,0.9985503126868988,0.2115563670945177,0.1443768079644663,-0.4773208762087606,0.5045877352598916,-0.4935438432231561,0.5234218885154791,0.0,0.0,0.0,124,0.0002369946596445,0,1735643777088322877,map,0.9573738441657234,-0.0228719067569191,0.23883940883244,-0.4979099747821765,0.5117516424367803,-0.5006138777952309,0.4894707946696022,0.0,0.0,0.0,125,0.0632913336157798,0,1735643777088343858,map,0.9612580864986824,-0.0177507944115982,0.142591503002855,0.5063736955984447,-0.4979951448216224,0.500738582411076,-0.4948205616433202,0.0,0.0,0.0,126,0.0590412989258766,0,1735644242188269615,map,0.9732822750558732,0.3275442375301803,0.0286218994455381,-0.4885997207751324,0.4936496137383498,-0.4935551660051538,0.5234344943009255,0.0,0.0,0.0,0,5.930890893068863e-06,0.928848653696825,-0.3351513262043186,0.3425909556967125,1.0,6.631191270394672e-05,0.0003468438429823,-0.0010677442993316,0.0,0.0,0.0,0.0003468438429823,0.0182289488733495,-0.0090602871556924,0.0,0.0,0.0,-0.0010677442993316,-0.0090602871556924,0.0179285061401978,0.0,0.0,0.0,0.0,0.0,0.0,0.0,0.0,0.0,0.0,0.0,0.0,0.0,0.0,0.0,0.0,0.0,0.0,0.0,0.0,0.0,0,0,0,0,50,,121
5.603906586,0,1735643777088230371,map,0.9686855859792936,-0.2198220327148616,0.0263057762110945,-0.4868043002639265,0.4853796447792881,-0.4975364470618942,0.5290422076956691,0.0,0.0,0.0,1,0.0545699000358581,0,1735643777088253974,map,0.9546620858019976,-0.2527237916477531,0.1497183454759004,-0.4938204391753904,0.4938522611762984,-0.4991015336957906,0.5129804840792594,0.0,0.0,0.0,16,0.3478153645992279,0,1735643777088270664,map,0.978426672563627,0.0603524484743386,0.0264876495077823,-0.4944561408187224,0.4927503703067199,-0.4915463198544192,0.5206653558734474,0.0,0.0,0.0,17,0.0078841932117939,0,1735643777088284730,map,0.9508154462245386,-0.2518461213441298,0.235197432679893,-0.4725846914395465,0.4983323931476651,-0.5098365326535661,0.5180687650577857,0.0,0.0,0.0,121,0.7045098543167114,0,1735643777088297367,map,1.007368762951138,0.2169939345674896,0.24357165922221,0.5008478297488924,-0.4977539028642904,0.5015211311773086,-0.4998690414516824,0.0,0.0,0.0,122,7.472011202480644e-05,0,1735643777088310956,map,0.9985503126868988,0.2115563670945177,0.1443768079644663,-0.4773208762087606,0.5045877352598916,-0.4935438432231561,0.5234218885154791,0.0,0.0,0.0,124,0.0002218205918325,0,1735643777088322877,map,0.9573738441657234,-0.0228719067569191,0.23883940883244,-0.4979099747821765,0.5117516424367803,-0.5006138777952309,0.4894707946696022,0.0,0.0,0.0,125,0.0625219345092773,0,1735643777088343858,map,0.9612580864986824,-0.0177507944115982,0.142591503002855,0.5063736955984447,-0.4979951448216224,0.500738582411076,-0.4948205616433202,0.0,0.0,0.0,126,0.0590177439153194,0,1735644242188269615,map,0.9732822750558732,0.3275442375301803,0.0286218994455381,-0.4885997207751324,0.4936496137383498,-0.4935551660051538,0.5234344943009255,0.0,0.0,0.0,0,5.42206453246763e-06,0.9289268248906136,-0.3334963826748762,0.3410684278856779,1.0,6.531721589843227e-05,0.0003465114288834,-0.0010527590274278,0.0,0.0,0.0,0.0003465114288834,0.0180084604075659,-0.0090086193438285,0.0,0.0,0.0,-0.0010527590274278,-0.0090086193438285,0.0176928713508842,0.0,0.0,0.0,0.0,0.0,0.0,0.0,0.0,0.0,0.0,0.0,0.0,0.0,0.0,0.0,0.0,0.0,0.0,0.0,0.0,0.0,0,0,0,0,51,,121
5.698902101,0,1735643777088230371,map,0.9686855859792936,-0.2198220327148616,0.0263057762110945,-0.4868043002639265,0.4853796447792881,-0.4975364470618942,0.5290422076956691,0.0,0.0,0.0,1,0.05338129773736,0,1735643777088253974,map,0.9546620858019976,-0.2527237916477531,0.1497183454759004,-0.4938204391753904,0.4938522611762984,-0.4991015336957906,0.5129804840792594,0.0,0.0,0.0,16,0.3473942279815674,0,1735643777088270664,map,0.978426672563627,0.0603524484743386,0.0264876495077823,-0.4944561408187224,0.4927503703067199,-0.4915463198544192,0.5206653558734474,0.0,0.0,0.0,17,0.0077846050262451,0,1735643777088284730,map,0.9508154462245386,-0.2518461213441298,0.235197432679893,-0.4725846914395465,0.4983323931476651,-0.5098365326535661,0.5180687650577857,0.0,0.0,0.0,121,0.7088255882263184,0,1735643777088297367,map,1.007368762951138,0.2169939345674896,0.24357165922221,0.5008478297488924,-0.4977539028642904,0.5015211311773086,-0.4998690414516824,0.0,0.0,0.0,122,6.731659959768876e-05,0,1735643777088310956,map,0.9985503126868988,0.2115563670945177,0.1443768079644663,-0.4773208762087606,0.5045877352598916,-0.4935438432231561,0.5234218885154791,0.0,0.0,0.0,124,0.0002069772453978,0,1735643777088322877,map,0.9573738441657234,-0.0228719067569191,0.23883940883244,-0.4979099747821765,0.5117516424367803,-0.5006138777952309,0.4894707946696022,0.0,0.0,0.0,125,0.0616822466254234,0,1735643777088343858,map,0.9612580864986824,-0.0177507944115982,0.142591503002855,0.5063736955984447,-0.4979951448216224,0.500738582411076,-0.4948205616433202,0.0,0.0,0.0,126,0.0588479749858379,0,1735644242188269615,map,0.9732822750558732,0.3275442375301803,0.0286218994455381,-0.4885997207751324,0.4936496137383498,-0.4935551660051538,0.5234344943009255,0.0,0.0,0.0,0,4.929373062623199e-06,0.92899830227187,-0.3319252885623779,0.3396640230599962,1.0,6.432167541028863e-05,0.000345574929895,-0.0010376332036531,0.0,0.0,0.0,0.000345574929895,0.0177880290334933,-0.0089479057239524,0.0,0.0,0.0,-0.0010376332036531,-0.0089479057239524,0.0174532138235399,0.0,0.0,0.0,0.0,0.0,0.0,0.0,0.0,0.0,0.0,0.0,0.0,0.0,0.0,0.0,0.0,0.0,0.0,0.0,0.0,0.0,0,0,0,0,52,,121
5.799606493,0,1735643777088230371,map,0.9686855859792936,-0.2198220327148616,0.0263057762110945,-0.4868043002639265,0.4853796447792881,-0.4975364470618942,0.5290422076956691,0.0,0.0,0.0,1,0.0521755963563919,0,1735643777088253974,map,0.9546620858019976,-0.2527237916477531,0.1497183454759004,-0.4938204391753904,0.4938522611762984,-0.4991015336957906,0.5129804840792594,0.0,0.0,0.0,16,0.3467978239059448,0,1735643777088270664,map,0.978426672563627,0.0603524484743386,0.0264876495077823,-0.4944561408187224,0.4927503703067199,-0.4915463198544192,0.5206653558734474,0.0,0.0,0.0,17,0.0076796622015535,0,1735643777088284730,map,0.9508154462245386,-0.2518461213441298,0.235197432679893,-0.4725846914395465,0.4983323931476651,-0.5098365326535661,0.5180687650577857,0.0,0.0,0.0,121,0.7129276990890503,0,1735643777088297367,map,1.007368762951138,0.2169939345674896,0.24357165922221,0.5008478297488924,-0.4977539028642904,0.5015211311773086,-0.4998690414516824,0.0,0.0,0.0,122,6.0639100411208346e-05,0,1735643777088310956,map,0.9985503126868988,0.2115563670945177,0.1443768079644663,-0.4773208762087606,0.5045877352598916,-0.4935438432231561,0.5234218885154791,0.0,0.0,0.0,124,0.0001930473954416,0,1735643777088322877,map,0.9573738441657234,-0.0228719067569191,0.23883940883244,-0.4979099747821765,0.5117516424367803,-0.5006138777952309,0.4894707946696022,0.0,0.0,0.0,125,0.0608355589210987,0,1735643777088343858,map,0.9612580864986824,-0.0177507944115982,0.142591503002855,0.5063736955984447,-0.4979951448216224,0.500738582411076,-0.4948205616433202,0.0,0.0,0.0,126,0.0586473904550075,0,1735644242188269615,map,0.9732822750558732,0.3275442375301803,0.0286218994455381,-0.4885997207751324,0.4936496137383498,-0.4935551660051538,0.5234344943009255,0.0,0.0,0.0,0,4.478305527300108e-06,0.929066926931371,-0.3304015029021767,0.3383124096086356,1.0,6.33529447754785e-05,0.0003444922503473,-0.0010228784273481,0.0,0.0,0.0,0.0003444922503473,0.0175731458265703,-0.008886174912223,0.0,0.0,0.0,-0.0010228784273481,-0.008886174912223,0.0172189045662798,0.0,0.0,0.0,0.0,0.0,0.0,0.0,0.0,0.0,0.0,0.0,0.0,0.0,0.0,0.0,0.0,0.0,0.0,0.0,0.0,0.0,0,0,0,0,53,,121
5.899606843,0,1735643777088230371,map,0.9686855859792936,-0.2198220327148616,0.0263057762110945,-0.4868043002639265,0.4853796447792881,-0.4975364470618942,0.5290422076956691,0.0,0.0,0.0,1,0.0510954409837722,0,1735643777088253974,map,0.9546620858019976,-0.2527237916477531,0.1497183454759004,-0.4938204391753904,0.4938522611762984,-0.4991015336957906,0.5129804840792594,0.0,0.0,0.0,16,0.3464690744876861,0,1735643777088270664,map,0.978426672563627,0.0603524484743386,0.0264876495077823,-0.4944561408187224,0.4927503703067199,-0.4915463198544192,0.5206653558734474,0.0,0.0,0.0,17,0.0075751286931335,0,1735643777088284730,map,0.9508154462245386,-0.2518461213441298,0.235197432679893,-0.4725846914395465,0.4983323931476651,-0.5098365326535661,0.5180687650577857,0.0,0.0,0.0,121,0.7171128988265991,0,1735643777088297367,map,1.007368762951138,0.2169939345674896,0.24357165922221,0.5008478297488924,-0.4977539028642904,0.5015211311773086,-0.4998690414516824,0.0,0.0,0.0,122,5.4369887948269024e-05,0,1735643777088310956,map,0.9985503126868988,0.2115563670945177,0.1443768079644663,-0.4773208762087606,0.5045877352598916,-0.4935438432231561,0.5234218885154791,0.0,0.0,0.0,124,0.0001794245035853,0,1735643777088322877,map,0.9573738441657234,-0.0228719067569191,0.23883940883244,-0.4979099747821765,0.5117516424367803,-0.5006138777952309,0.4894707946696022,0.0,0.0,0.0,125,0.0599018670618534,0,1735643777088343858,map,0.9612580864986824,-0.0177507944115982,0.142591503002855,0.5063736955984447,-0.4979951448216224,0.500738582411076,-0.4948205616433202,0.0,0.0,0.0,126,0.0584018379449844,0,1735644242188269615,map,0.9732822750558732,0.3275442375301803,0.0286218994455381,-0.4885997207751324,0.4936496137383498,-0.4935551660051538,0.5234344943009255,0.0,0.0,0.0,0,4.053336851939093e-06,0.9291369995092462,-0.3289406781813566,0.3369524160356562,1.0,6.243998090146546e-05,0.0003435380431924,-0.0010089870417933,0.0,0.0,0.0,0.0003435380431924,0.0173608196699951,-0.0088269118658252,0.0,0.0,0.0,-0.0010089870417933,-0.0088269118658252,0.0169980638366834,0.0,0.0,0.0,0.0,0.0,0.0,0.0,0.0,0.0,0.0,0.0,0.0,0.0,0.0,0.0,0.0,0.0,0.0,0.0,0.0,0.0,0,0,0,0,54,,121
6.00015547,0,1735643777088230371,map,0.9686855859792936,-0.2198220327148616,0.0263057762110945,-0.4868043002639265,0.4853796447792881,-0.4975364470618942,0.5290422076956691,0.0,0.0,0.0,1,0.0499237328767776,0,1735643777088253974,map,0.9546620858019976,-0.2527237916477531,0.1497183454759004,-0.4938204391753904,0.4938522611762984,-0.4991015336957906,0.5129804840792594,0.0,0.0,0.0,16,0.3457319438457489,0,1735643777088270664,map,0.978426672563627,0.0603524484743386,0.0264876495077823,-0.4944561408187224,0.4927503703067199,-0.4915463198544192,0.5206653558734474,0.0,0.0,0.0,17,0.0074564251117408,0,1735643777088284730,map,0.9508154462245386,-0.2518461213441298,0.235197432679893,-0.4725846914395465,0.4983323931476651,-0.5098365326535661,0.5180687650577857,0.0,0.0,0.0,121,0.7208948731422424,0,1735643777088297367,map,1.007368762951138,0.2169939345674896,0.24357165922221,0.5008478297488924,-0.4977539028642904,0.5015211311773086,-0.4998690414516824,0.0,0.0,0.0,122,4.8785805120132864e-05,0,1735643777088310956,map,0.9985503126868988,0.2115563670945177,0.1443768079644663,-0.4773208762087606,0.5045877352598916,-0.4935438432231561,0.5234218885154791,0.0,0.0,0.0,124,0.0001667153701419,0,1735643777088322877,map,0.9573738441657234,-0.0228719067569191,0.23883940883244,-0.4979099747821765,0.5117516424367803,-0.5006138777952309,0.4894707946696022,0.0,0.0,0.0,125,0.0589728206396102,0,1735643777088343858,map,0.9612580864986824,-0.0177507944115982,0.142591503002855,0.5063736955984447,-0.4979951448216224,0.500738582411076,-0.4948205616433202,0.0,0.0,0.0,126,0.0581001602113246,0,1735644242188269615,map,0.9732822750558732,0.3275442375301803,0.0286218994455381,-0.4885997207751324,0.4936496137383498,-0.4935551660051538,0.5234344943009255,0.0,0.0,0.0,0,3.664151790871984e-06,0.9292021156635908,-0.3275283793339497,0.335677015363256,1.0,6.153367465349629e-05,0.0003422579243178,-0.0009951264789515,0.0,0.0,0.0,0.0003422579243178,0.0171528761571248,-0.0087636898917529,0.0,0.0,0.0,-0.0009951264789515,-0.0087636898917529,0.0167768470618205,0.0,0.0,0.0,0.0,0.0,0.0,0.0,0.0,0.0,0.0,0.0,0.0,0.0,0.0,0.0,0.0,0.0,0.0,0.0,0.0,0.0,0,0,0,0,55,,121
6.097911931,0,1735643777088230371,map,0.9686855859792936,-0.2198220327148616,0.0263057762110945,-0.4868043002639265,0.4853796447792881,-0.4975364470618942,0.5290422076956691,0.0,0.0,0.0,1,0.0489148646593093,0,1735643777088253974,map,0.9546620858019976,-0.2527237916477531,0.1497183454759004,-0.4938204391753904,0.4938522611762984,-0.4991015336957906,0.5129804840792594,0.0,0.0,0.0,16,0.3454064130783081,0,1735643777088270664,map,0.978426672563627,0.0603524484743386,0.0264876495077823,-0.4944561408187224,0.4927503703067199,-0.4915463198544192,0.5206653558734474,0.0,0.0,0.0,17,0.0073470696806907,0,1735643777088284730,map,0.9508154462245386,-0.2518461213441298,0.235197432679893,-0.4725846914395465,0.4983323931476651,-0.5098365326535661,0.5180687650577857,0.0,0.0,0.0,121,0.7249045372009277,0,1735643777088297367,map,1.007368762951138,0.2169939345674896,0.24357165922221,0.5008478297488924,-0.4977539028642904,0.5015211311773086,-0.4998690414516824,0.0,0.0,0.0,122,4.3588912376435474e-05,0,1735643777088310956,map,0.9985503126868988,0.2115563670945177,0.1443768079644663,-0.4773208762087606,0.5045877352598916,-0.4935438432231561,0.5234218885154791,0.0,0.0,0.0,124,0.000154483874212,0,1735643777088322877,map,0.9573738441657234,-0.0228719067569191,0.23883940883244,-0.4979099747821765,0.5117516424367803,-0.5006138777952309,0.4894707946696022,0.0,0.0,0.0,125,0.0579794533550739,0,1735643777088343858,map,0.9612580864986824,-0.0177507944115982,0.142591503002855,0.5063736955984447,-0.4979951448216224,0.500738582411076,-0.4948205616433202,0.0,0.0,0.0,126,0.0577895380556583,0,1735644242188269615,map,0.9732822750558732,0.3275442375301803,0.0286218994455381,-0.4885997207751324,0.4936496137383498,-0.4935551660051538,0.5234344943009255,0.0,0.0,0.0,0,3.3047438137145946e-06,0.9292699398246472,-0.3261639987249405,0.3343711553367384,1.0,6.068786545995066e-05,0.0003412357640285,-0.0009822276505976,0.0,0.0,0.0,0.0003412357640285,0.0169489591917194,-0.0087051883848045,0.0,0.0,0.0,-0.0009822276505976,-0.0087051883848045,0.0165710503796322,0.0,0.0,0.0,0.0,0.0,0.0,0.0,0.0,0.0,0.0,0.0,0.0,0.0,0.0,0.0,0.0,0.0,0.0,0.0,0.0,0.0,0,0,0,0,56,,121
6.201193431,0,1735643777088230371,map,0.9686855859792936,-0.2198220327148616,0.0263057762110945,-0.4868043002639265,0.4853796447792881,-0.4975364470618942,0.5290422076956691,0.0,0.0,0.0,1,0.0477081015706062,0,1735643777088253974,map,0.9546620858019976,-0.2527237916477531,0.1497183454759004,-0.4938204391753904,0.4938522611762984,-0.4991015336957906,0.5129804840792594,0.0,0.0,0.0,16,0.3443107903003692,0,1735643777088270664,map,0.978426672563627,0.0603524484743386,0.0264876495077823,-0.4944561408187224,0.4927503703067199,-0.4915463198544192,0.5206653558734474,0.0,0.0,0.0,17,0.0072121056728065,0,1735643777088284730,map,0.9508154462245386,-0.2518461213441298,0.235197432679893,-0.4725846914395465,0.4983323931476651,-0.5098365326535661,0.5180687650577857,0.0,0.0,0.0,121,0.7282232046127319,0,1735643777088297367,map,1.007368762951138,0.2169939345674896,0.24357165922221,0.5008478297488924,-0.4977539028642904,0.5015211311773086,-0.4998690414516824,0.0,0.0,0.0,122,3.904636105289683e-05,0,1735643777088310956,map,0.9985503126868988,0.2115563670945177,0.1443768079644663,-0.4773208762087606,0.5045877352598916,-0.4935438432231561,0.5234218885154791,0.0,0.0,0.0,124,0.0001432011777069,0,1735643777088322877,map,0.9573738441657234,-0.0228719067569191,0.23883940883244,-0.4979099747821765,0.5117516424367803,-0.5006138777952309,0.4894707946696022,0.0,0.0,0.0,125,0.0570154748857021,0,1735643777088343858,map,0.9612580864986824,-0.0177507944115982,0.142591503002855,0.5063736955984447,-0.4979951448216224,0.500738582411076,-0.4948205616433202,0.0,0.0,0.0,126,0.0573937222361564,0,1735644242188269615,map,0.9732822750558732,0.3275442375301803,0.0286218994455381,-0.4885997207751324,0.4936496137383498,-0.4935551660051538,0.5234344943009255,0.0,0.0,0.0,0,2.9762597932858625e-06,0.9293295487903644,-0.3248495604621131,0.3331990514742435,1.0,5.982214687837232e-05,0.0003396369007765,-0.0009689081888935,0.0,0.0,0.0,0.0003396369007765,0.0167483629154811,-0.0086387426387951,0.0,0.0,0.0,-0.0009689081888935,-0.0086387426387951,0.016357264535544,0.0,0.0,0.0,0.0,0.0,0.0,0.0,0.0,0.0,0.0,0.0,0.0,0.0,0.0,0.0,0.0,0.0,0.0,0.0,0.0,0.0,0,0,0,0,57,,121
6.299526255,0,1735643777088230371,map,0.9686855859792936,-0.2198220327148616,0.0263057762110945,-0.4868043002639265,0.4853796447792881,-0.4975364470618942,0.5290422076956691,0.0,0.0,0.0,1,0.046510249376297,0,1735643777088253974,map,0.9546620858019976,-0.2527237916477531,0.1497183454759004,-0.4938204391753904,0.4938522611762984,-0.4991015336957906,0.5129804840792594,0.0,0.0,0.0,16,0.3431096971035003,0,1735643777088270664,map,0.978426672563627,0.0603524484743386,0.0264876495077823,-0.4944561408187224,0.4927503703067199,-0.4915463198544192,0.5206653558734474,0.0,0.0,0.0,17,0.0070668738335371,0,1735643777088284730,map,0.9508154462245386,-0.2518461213441298,0.235197432679893,-0.4725846914395465,0.4983323931476651,-0.5098365326535661,0.5180687650577857,0.0,0.0,0.0,121,0.7313369512557983,0,1735643777088297367,map,1.007368762951138,0.2169939345674896,0.24357165922221,0.5008478297488924,-0.4977539028642904,0.5015211311773086,-0.4998690414516824,0.0,0.0,0.0,122,3.488846414256841e-05,0,1735643777088310956,map,0.9985503126868988,0.2115563670945177,0.1443768079644663,-0.4773208762087606,0.5045877352598916,-0.4935438432231561,0.5234218885154791,0.0,0.0,0.0,124,0.0001323907199548,0,1735643777088322877,map,0.9573738441657234,-0.0228719067569191,0.23883940883244,-0.4979099747821765,0.5117516424367803,-0.5006138777952309,0.4894707946696022,0.0,0.0,0.0,125,0.0560029409825801,0,1735643777088343858,map,0.9612580864986824,-0.0177507944115982,0.142591503002855,0.5063736955984447,-0.4979951448216224,0.500738582411076,-0.4948205616433202,0.0,0.0,0.0,126,0.0569287575781345,0,1735644242188269615,map,0.9732822750558732,0.3275442375301803,0.0286218994455381,-0.4885997207751324,0.4936496137383498,-0.4935551660051538,0.5234344943009255,0.0,0.0,0.0,0,2.6704135507316096e-06,0.9293871686787925,-0.3235937861791614,0.3320691934245362,1.0,5.89799734908022e-05,0.0003379054738647,-0.0009559137060934,0.0,0.0,0.0,0.0003379054738647,0.0165494852734622,-0.0085706730610811,0.0,0.0,0.0,-0.0009559137060934,-0.0085706730610811,0.0161480077483189,0.0,0.0,0.0,0.0,0.0,0.0,0.0,0.0,0.0,0.0,0.0,0.0,0.0,0.0,0.0,0.0,0.0,0.0,0.0,0.0,0.0,0,0,0,0,58,,121
6.400093617,0,1735643777088230371,map,0.9686855859792936,-0.2198220327148616,0.0263057762110945,-0.4868043002639265,0.4853796447792881,-0.4975364470618942,0.5290422076956691,0.0,0.0,0.0,1,0.0454520024359226,0,1735643777088253974,map,0.9546620858019976,-0.2527237916477531,0.1497183454759004,-0.4938204391753904,0.4938522611762984,-0.4991015336957906,0.5129804840792594,0.0,0.0,0.0,16,0.3422700464725494,0,1735643777088270664,map,0.978426672563627,0.0603524484743386,0.0264876495077823,-0.4944561408187224,0.4927503703067199,-0.4915463198544192,0.5206653558734474,0.0,0.0,0.0,17,0.0069345608353614,0,1735643777088284730,map,0.9508154462245386,-0.2518461213441298,0.235197432679893,-0.4725846914395465,0.4983323931476651,-0.5098365326535661,0.5180687650577857,0.0,0.0,0.0,121,0.7346782088279724,0,1735643777088297367,map,1.007368762951138,0.2169939345674896,0.24357165922221,0.5008478297488924,-0.4977539028642904,0.5015211311773086,-0.4998690414516824,0.0,0.0,0.0,122,3.108849341515452e-05,0,1735643777088310956,map,0.9985503126868988,0.2115563670945177,0.1443768079644663,-0.4773208762087606,0.5045877352598916,-0.4935438432231561,0.5234218885154791,0.0,0.0,0.0,124,0.0001222266582772,0,1735643777088322877,map,0.9573738441657234,-0.0228719067569191,0.23883940883244,-0.4979099747821765,0.5117516424367803,-0.5006138777952309,0.4894707946696022,0.0,0.0,0.0,125,0.054965142160654,0,1735643777088343858,map,0.9612580864986824,-0.0177507944115982,0.142591503002855,0.5063736955984447,-0.4979951448216224,0.500738582411076,-0.4948205616433202,0.0,0.0,0.0,126,0.0564810261130332,0,1735644242188269615,map,0.9732822750558732,0.3275442375301803,0.0286218994455381,-0.4885997207751324,0.4936496137383498,-0.4935551660051538,0.5234344943009255,0.0,0.0,0.0,0,2.394541525063687e-06,0.9294470814213034,-0.3223697971915888,0.3309116852022579,1.0,5.818850605264298e-05,0.0003364315495921,-0.0009437340494119,0.0,0.0,0.0,0.0003364315495921,0.0163558781674831,-0.0085075805003694,0.0,0.0,0.0,-0.0009437340494119,-0.0085075805003694,0.0159520225682465,0.0,0.0,0.0,0.0,0.0,0.0,0.0,0.0,0.0,0.0,0.0,0.0,0.0,0.0,0.0,0.0,0.0,0.0,0.0,0.0,0.0,0,0,0,0,59,,121
6.499286367,0,1735643777088230371,map,0.9686855859792936,-0.2198220327148616,0.0263057762110945,-0.4868043002639265,0.4853796447792881,-0.4975364470618942,0.5290422076956691,0.0,0.0,0.0,1,0.0443673469126224,0,1735643777088253974,map,0.9546620858019976,-0.2527237916477531,0.1497183454759004,-0.4938204391753904,0.4938522611762984,-0.4991015336957906,0.5129804840792594,0.0,0.0,0.0,16,0.3412195742130279,0,1735643777088270664,map,0.978426672563627,0.0603524484743386,0.0264876495077823,-0.4944561408187224,0.4927503703067199,-0.4915463198544192,0.5206653558734474,0.0,0.0,0.0,17,0.0067911297082901,0,1735643777088284730,map,0.9508154462245386,-0.2518461213441298,0.235197432679893,-0.4725846914395465,0.4983323931476651,-0.5098365326535661,0.5180687650577857,0.0,0.0,0.0,121,0.7377486228942871,0,1735643777088297367,map,1.007368762951138,0.2169939345674896,0.24357165922221,0.5008478297488924,-0.4977539028642904,0.5015211311773086,-0.4998690414516824,0.0,0.0,0.0,122,2.766365105344448e-05,0,1735643777088310956,map,0.9985503126868988,0.2115563670945177,0.1443768079644663,-0.4773208762087606,0.5045877352598916,-0.4935438432231561,0.5234218885154791,0.0,0.0,0.0,124,0.0001126302522607,0,1735643777088322877,map,0.9573738441657234,-0.0228719067569191,0.23883940883244,-0.4979099747821765,0.5117516424367803,-0.5006138777952309,0.4894707946696022,0.0,0.0,0.0,125,0.0539033859968185,0,1735643777088343858,map,0.9612580864986824,-0.0177507944115982,0.142591503002855,0.5063736955984447,-0.4979951448216224,0.500738582411076,-0.4948205616433202,0.0,0.0,0.0,126,0.0559699870645999,0,1735644242188269615,map,0.9732822750558732,0.3275442375301803,0.0286218994455381,-0.4885997207751324,0.4936496137383498,-0.4935551660051538,0.5234344943009255,0.0,0.0,0.0,0,2.1406917767308187e-06,0.9295040491848464,-0.3211973749430695,0.3298092532928399,1.0,5.741017185733574e-05,0.000334764983231,-0.0009317105303283,0.0,0.0,0.0,0.000334764983231,0.0161643800598256,-0.0084420459182166,0.0,0.0,0.0,-0.0009317105303283,-0.0084420459182166,0.0157578615362217,0.0,0.0,0.0,0.0,0.0,0.0,0.0,0.0,0.0,0.0,0.0,0.0,0.0,0.0,0.0,0.0,0.0,0.0,0.0,0.0,0.0,0,0,0,0,60,,121
6.599465404,0,1735643777088230371,map,0.9686855859792936,-0.2198220327148616,0.0263057762110945,-0.4868043002639265,0.4853796447792881,-0.4975364470618942,0.5290422076956691,0.0,0.0,0.0,1,0.0432466566562652,0,1735643777088253974,map,0.9546620858019976,-0.2527237916477531,0.1497183454759004,-0.4938204391753904,0.4938522611762984,-0.4991015336957906,0.5129804840792594,0.0,0.0,0.0,16,0.3399195969104767,0,1735643777088270664,map,0.978426672563627,0.0603524484743386,0.0264876495077823,-0.4944561408187224,0.4927503703067199,-0.4915463198544192,0.5206653558734474,0.0,0.0,0.0,17,0.0066401474177837,0,1735643777088284730,map,0.9508154462245386,-0.2518461213441298,0.235197432679893,-0.4725846914395465,0.4983323931476651,-0.5098365326535661,0.5180687650577857,0.0,0.0,0.0,121,0.740545392036438,0,1735643777088297367,map,1.007368762951138,0.2169939345674896,0.24357165922221,0.5008478297488924,-0.4977539028642904,0.5015211311773086,-0.4998690414516824,0.0,0.0,0.0,122,2.4615434085717425e-05,0,1735643777088310956,map,0.9985503126868988,0.2115563670945177,0.1443768079644663,-0.4773208762087606,0.5045877352598916,-0.4935438432231561,0.5234218885154791,0.0,0.0,0.0,124,0.0001037173642544,0,1735643777088322877,map,0.9573738441657234,-0.0228719067569191,0.23883940883244,-0.4979099747821765,0.5117516424367803,-0.5006138777952309,0.4894707946696022,0.0,0.0,0.0,125,0.0528465211391449,0,1735643777088343858,map,0.9612580864986824,-0.0177507944115982,0.142591503002855,0.5063736955984447,-0.4979951448216224,0.500738582411076,-0.4948205616433202,0.0,0.0,0.0,126,0.0554187782108783,0,1735644242188269615,map,0.9732822750558732,0.3275442375301803,0.0286218994455381,-0.4885997207751324,0.4936496137383498,-0.4935551660051538,0.5234344943009255,0.0,0.0,0.0,0,1.9109372715320205e-06,0.9295577131099464,-0.3200656162073207,0.3287649700698115,1.0,5.664181051044579e-05,0.0003329211096478,-0.000919799007408,0.0,0.0,0.0,0.0003329211096478,0.0159762428929359,-0.0083745643224515,0.0,0.0,0.0,-0.000919799007408,-0.0083745643224515,0.0155649675842611,0.0,0.0,0.0,0.0,0.0,0.0,0.0,0.0,0.0,0.0,0.0,0.0,0.0,0.0,0.0,0.0,0.0,0.0,0.0,0.0,0.0,0,0,0,0,61,,121
6.700067532,0,1735643777088230371,map,0.9686855859792936,-0.2198220327148616,0.0263057762110945,-0.4868043002639265,0.4853796447792881,-0.4975364470618942,0.5290422076956691,0.0,0.0,0.0,1,0.0421960204839706,0,1735643777088253974,map,0.9546620858019976,-0.2527237916477531,0.1497183454759004,-0.4938204391753904,0.4938522611762984,-0.4991015336957906,0.5129804840792594,0.0,0.0,0.0,16,0.3387603163719177,0,1735643777088270664,map,0.978426672563627,0.0603524484743386,0.0264876495077823,-0.4944561408187224,0.4927503703067199,-0.4915463198544192,0.5206653558734474,0.0,0.0,0.0,17,0.006499920040369,0,1735643777088284730,map,0.9508154462245386,-0.2518461213441298,0.235197432679893,-0.4725846914395465,0.4983323931476651,-0.5098365326535661,0.5180687650577857,0.0,0.0,0.0,121,0.7434288859367371,0,1735643777088297367,map,1.007368762951138,0.2169939345674896,0.24357165922221,0.5008478297488924,-0.4977539028642904,0.5015211311773086,-0.4998690414516824,0.0,0.0,0.0,122,2.1897756596445103e-05,0,1735643777088310956,map,0.9985503126868988,0.2115563670945177,0.1443768079644663,-0.4773208762087606,0.5045877352598916,-0.4935438432231561,0.5234218885154791,0.0,0.0,0.0,124,9.55426730797626e-05,0,1735643777088322877,map,0.9573738441657234,-0.0228719067569191,0.23883940883244,-0.4979099747821765,0.5117516424367803,-0.5006138777952309,0.4894707946696022,0.0,0.0,0.0,125,0.0518095307052135,0,1735643777088343858,map,0.9612580864986824,-0.0177507944115982,0.142591503002855,0.5063736955984447,-0.4979951448216224,0.500738582411076,-0.4948205616433202,0.0,0.0,0.0,126,0.0548968948423862,0,1735644242188269615,map,0.9732822750558732,0.3275442375301803,0.0286218994455381,-0.4885997207751324,0.4936496137383498,-0.4935551660051538,0.5234344943009255,0.0,0.0,0.0,0,1.7077539951060317e-06,0.9296116768978464,-0.3189522353226102,0.3277200816767108,1.0,5.590587043624406e-05,0.0003312164315757,-0.0009084030938197,0.0,0.0,0.0,0.0003312164315757,0.0157941781926138,-0.008310455588923,0.0,0.0,0.0,-0.0009084030938197,-0.008310455588923,0.0153805190169951,0.0,0.0,0.0,0.0,0.0,0.0,0.0,0.0,0.0,0.0,0.0,0.0,0.0,0.0,0.0,0.0,0.0,0.0,0.0,0.0,0.0,0,0,0,0,62,,121
6.799429053,0,1735643777088230371,map,0.9686855859792936,-0.2198220327148616,0.0263057762110945,-0.4868043002639265,0.4853796447792881,-0.4975364470618942,0.5290422076956691,0.0,0.0,0.0,1,0.0411352589726448,0,1735643777088253974,map,0.9546620858019976,-0.2527237916477531,0.1497183454759004,-0.4938204391753904,0.4938522611762984,-0.4991015336957906,0.5129804840792594,0.0,0.0,0.0,16,0.3374432027339935,0,1735643777088270664,map,0.978426672563627,0.0603524484743386,0.0264876495077823,-0.4944561408187224,0.4927503703067199,-0.4915463198544192,0.5206653558734474,0.0,0.0,0.0,17,0.0063523612916469,0,1735643777088284730,map,0.9508154462245386,-0.2518461213441298,0.235197432679893,-0.4725846914395465,0.4983323931476651,-0.5098365326535661,0.5180687650577857,0.0,0.0,0.0,121,0.7460957765579224,0,1735643777088297367,map,1.007368762951138,0.2169939345674896,0.24357165922221,0.5008478297488924,-0.4977539028642904,0.5015211311773086,-0.4998690414516824,0.0,0.0,0.0,122,1.9455994333839044e-05,0,1735643777088310956,map,0.9985503126868988,0.2115563670945177,0.1443768079644663,-0.4773208762087606,0.5045877352598916,-0.4935438432231561,0.5234218885154791,0.0,0.0,0.0,124,8.787081605987623e-05,0,1735643777088322877,map,0.9573738441657234,-0.0228719067569191,0.23883940883244,-0.4979099747821765,0.5117516424367803,-0.5006138777952309,0.4894707946696022,0.0,0.0,0.0,125,0.0507583022117614,0,1735643777088343858,map,0.9612580864986824,-0.0177507944115982,0.142591503002855,0.5063736955984447,-0.4979951448216224,0.500738582411076,-0.4948205616433202,0.0,0.0,0.0,126,0.0543266981840133,0,1735644242188269615,map,0.9732822750558732,0.3275442375301803,0.0286218994455381,-0.4885997207751324,0.4936496137383498,-0.4935551660051538,0.5234344943009255,0.0,0.0,0.0,0,1.5223048421830754e-06,0.929663244425782,-0.3178832169299912,0.3267205165425324,1.0,5.518334668353347e-05,0.0003293768793211,-0.0008971797934772,0.0,0.0,0.0,0.0003293768793211,0.0156143305715342,-0.0082447939132576,0.0,0.0,0.0,-0.0008971797934772,-0.0082447939132576,0.0151983298828659,0.0,0.0,0.0,0.0,0.0,0.0,0.0,0.0,0.0,0.0,0.0,0.0,0.0,0.0,0.0,0.0,0.0,0.0,0.0,0.0,0.0,0,0,0,0,63,,121
6.900624974,0,1735643777088230371,map,0.9686855859792936,-0.2198220327148616,0.0263057762110945,-0.4868043002639265,0.4853796447792881,-0.4975364470618942,0.5290422076956691,0.0,0.0,0.0,1,0.0395996384322643,0,1735643777088253974,map,0.9546620858019976,-0.2527237916477531,0.1497183454759004,-0.4938204391753904,0.4938522611762984,-0.4991015336957906,0.5129804840792594,0.0,0.0,0.0,16,0.3340981602668762,0,1735643777088270664,map,0.978426672563627,0.0603524484743386,0.0264876495077823,-0.4944561408187224,0.4927503703067199,-0.4915463198544192,0.5206653558734474,0.0,0.0,0.0,17,0.0061440588906407,0,1735643777088284730,map,0.9508154462245386,-0.2518461213441298,0.235197432679893,-0.4725846914395465,0.4983323931476651,-0.5098365326535661,0.5180687650577857,0.0,0.0,0.0,121,0.7469589710235596,0,1735643777088297367,map,1.007368762951138,0.2169939345674896,0.24357165922221,0.5008478297488924,-0.4977539028642904,0.5015211311773086,-0.4998690414516824,0.0,0.0,0.0,122,1.7467415091232397e-05,0,1735643777088310956,map,0.9985503126868988,0.2115563670945177,0.1443768079644663,-0.4773208762087606,0.5045877352598916,-0.4935438432231561,0.5234218885154791,0.0,0.0,0.0,124,8.10500787338242e-05,0,1735643777088322877,map,0.9573738441657234,-0.0228719067569191,0.23883940883244,-0.4979099747821765,0.5117516424367803,-0.5006138777952309,0.4894707946696022,0.0,0.0,0.0,125,0.0498206280171871,0,1735643777088343858,map,0.9612580864986824,-0.0177507944115982,0.142591503002855,0.5063736955984447,-0.4979951448216224,0.500738582411076,-0.4948205616433202,0.0,0.0,0.0,126,0.0535667836666107,0,1735644242188269615,map,0.9732822750558732,0.3275442375301803,0.0286218994455381,-0.4885997207751324,0.4936496137383498,-0.4935551660051538,0.5234344943009255,0.0,0.0,0.0,0,1.3534395293390844e-06,0.9296938885533332,-0.3168831211067796,0.3260492782303887,1.0,5.4380267832465805e-05,0.0003261611306118,-0.0008844572384887,0.0,0.0,0.0,0.0003261611306118,0.0154333687306571,-0.0081582610742013,0.0,0.0,0.0,-0.0008844572384887,-0.0081582610742013,0.0149892413133626,0.0,0.0,0.0,0.0,0.0,0.0,0.0,0.0,0.0,0.0,0.0,0.0,0.0,0.0,0.0,0.0,0.0,0.0,0.0,0.0,0.0,0,0,0,0,64,,121
7.000845811,0,1735643777088230371,map,0.9686855859792936,-0.2198220327148616,0.0263057762110945,-0.4868043002639265,0.4853796447792881,-0.4975364470618942,0.5290422076956691,0.0,0.0,0.0,1,0.0395996384322643,0,1735643777088253974,map,0.9546620858019976,-0.2527237916477531,0.1497183454759004,-0.4938204391753904,0.4938522611762984,-0.4991015336957906,0.5129804840792594,0.0,0.0,0.0,16,0.3340981602668762,0,1735643777088270664,map,0.978426672563627,0.0603524484743386,0.0264876495077823,-0.4944561408187224,0.4927503703067199,-0.4915463198544192,0.5206653558734474,0.0,0.0,0.0,17,0.0061440588906407,0,1735643777088284730,map,0.9508154462245386,-0.2518461213441298,0.235197432679893,-0.4725846914395465,0.4983323931476651,-0.5098365326535661,0.5180687650577857,0.0,0.0,0.0,121,0.7469589710235596,0,1735643777088297367,map,1.007368762951138,0.2169939345674896,0.24357165922221,0.5008478297488924,-0.4977539028642904,0.5015211311773086,-0.4998690414516824,0.0,0.0,0.0,122,1.7467415091232397e-05,0,1735643777088310956,map,0.9985503126868988,0.2115563670945177,0.1443768079644663,-0.4773208762087606,0.5045877352598916,-0.4935438432231561,0.5234218885154791,0.0,0.0,0.0,124,8.10500787338242e-05,0,1735643777088322877,map,0.9573738441657234,-0.0228719067569191,0.23883940883244,-0.4979099747821765,0.5117516424367803,-0.5006138777952309,0.4894707946696022,0.0,0.0,0.0,125,0.0498206280171871,0,1735643777088343858,map,0.9612580864986824,-0.0177507944115982,0.142591503002855,0.5063736955984447,-0.4979951448216224,0.500738582411076,-0.4948205616433202,0.0,0.0,0.0,126,0.0535667836666107,0,1735644242188269615,map,0.9732822750558732,0.3275442375301803,0.0286218994455381,-0.4885997207751324,0.4936496137383498,-0.4935551660051538,0.5234344943009255,0.0,0.0,0.0,0,1.3534395293390844e-06,0.9296938885533332,-0.3168831211067796,0.3260492782303887,1.0,5.4380267832465805e-05,0.0003261611306118,-0.0008844572384887,0.0,0.0,0.0,0.0003261611306118,0.0154333687306571,-0.0081582610742013,0.0,0.0,0.0,-0.0008844572384887,-0.0081582610742013,0.0149892413133626,0.0,0.0,0.0,0.0,0.0,0.0,0.0,0.0,0.0,0.0,0.0,0.0,0.0,0.0,0.0,0.0,0.0,0.0,0.0,0.0,0.0,0,0,0,0,64,,121
7.101073111,0,1735643777088230371,map,0.9686855859792936,-0.2198220327148616,0.0263057762110945,-0.4868043002639265,0.4853796447792881,-0.4975364470618942,0.5290422076956691,0.0,0.0,0.0,1,0.0395996384322643,0,1735643777088253974,map,0.9546620858019976,-0.2527237916477531,0.1497183454759004,-0.4938204391753904,0.4938522611762984,-0.4991015336957906,0.5129804840792594,0.0,0.0,0.0,16,0.3340981602668762,0,1735643777088270664,map,0.978426672563627,0.0603524484743386,0.0264876495077823,-0.4944561408187224,0.4927503703067199,-0.4915463198544192,0.5206653558734474,0.0,0.0,0.0,17,0.0061440588906407,0,1735643777088284730,map,0.9508154462245386,-0.2518461213441298,0.235197432679893,-0.4725846914395465,0.4983323931476651,-0.5098365326535661,0.5180687650577857,0.0,0.0,0.0,121,0.7469589710235596,0,1735643777088297367,map,1.007368762951138,0.2169939345674896,0.24357165922221,0.5008478297488924,-0.4977539028642904,0.5015211311773086,-0.4998690414516824,0.0,0.0,0.0,122,1.7467415091232397e-05,0,1735643777088310956,map,0.9985503126868988,0.2115563670945177,0.1443768079644663,-0.4773208762087606,0.5045877352598916,-0.4935438432231561,0.5234218885154791,0.0,0.0,0.0,124,8.10500787338242e-05,0,1735643777088322877,map,0.9573738441657234,-0.0228719067569191,0.23883940883244,-0.4979099747821765,0.5117516424367803,-0.5006138777952309,0.4894707946696022,0.0,0.0,0.0,125,0.0498206280171871,0,1735643777088343858,map,0.9612580864986824,-0.0177507944115982,0.142591503002855,0.5063736955984447,-0.4979951448216224,0.500738582411076,-0.4948205616433202,0.0,0.0,0.0,126,0.0535667836666107,0,1735644242188269615,map,0.9732822750558732,0.3275442375301803,0.0286218994455381,-0.4885997207751324,0.4936496137383498,-0.4935551660051538,0.5234344943009255,0.0,0.0,0.0,0,1.3534395293390844e-06,0.9296938885533332,-0.3168831211067796,0.3260492782303887,1.0,5.4380267832465805e-05,0.0003261611306118,-0.0008844572384887,0.0,0.0,0.0,0.0003261611306118,0.0154333687306571,-0.0081582610742013,0.0,0.0,0.0,-0.0008844572384887,-0.0081582610742013,0.0149892413133626,0.0,0.0,0.0,0.0,0.0,0.0,0.0,0.0,0.0,0.0,0.0,0.0,0.0,0.0,0.0,0.0,0.0,0.0,0.0,0.0,0.0,0,0,0,0,64,,121
7.199367911,0,1735643777088230371,map,0.9686855859792936,-0.2198220327148616,0.0263057762110945,-0.4868043002639265,0.4853796447792881,-0.4975364470618942,0.5290422076956691,0.0,0.0,0.0,1,0.0395996384322643,0,1735643777088253974,map,0.9546620858019976,-0.2527237916477531,0.1497183454759004,-0.4938204391753904,0.4938522611762984,-0.4991015336957906,0.5129804840792594,0.0,0.0,0.0,16,0.3340981602668762,0,1735643777088270664,map,0.978426672563627,0.0603524484743386,0.0264876495077823,-0.4944561408187224,0.4927503703067199,-0.4915463198544192,0.5206653558734474,0.0,0.0,0.0,17,0.0061440588906407,0,1735643777088284730,map,0.9508154462245386,-0.2518461213441298,0.235197432679893,-0.4725846914395465,0.4983323931476651,-0.5098365326535661,0.5180687650577857,0.0,0.0,0.0,121,0.7469589710235596,0,1735643777088297367,map,1.007368762951138,0.2169939345674896,0.24357165922221,0.5008478297488924,-0.4977539028642904,0.5015211311773086,-0.4998690414516824,0.0,0.0,0.0,122,1.7467415091232397e-05,0,1735643777088310956,map,0.9985503126868988,0.2115563670945177,0.1443768079644663,-0.4773208762087606,0.5045877352598916,-0.4935438432231561,0.5234218885154791,0.0,0.0,0.0,124,8.10500787338242e-05,0,1735643777088322877,map,0.9573738441657234,-0.0228719067569191,0.23883940883244,-0.4979099747821765,0.5117516424367803,-0.5006138777952309,0.4894707946696022,0.0,0.0,0.0,125,0.0498206280171871,0,1735643777088343858,map,0.9612580864986824,-0.0177507944115982,0.142591503002855,0.5063736955984447,-0.4979951448216224,0.500738582411076,-0.4948205616433202,0.0,0.0,0.0,126,0.0535667836666107,0,1735644242188269615,map,0.9732822750558732,0.3275442375301803,0.0286218994455381,-0.4885997207751324,0.4936496137383498,-0.4935551660051538,0.5234344943009255,0.0,0.0,0.0,0,1.3534395293390844e-06,0.9296938885533332,-0.3168831211067796,0.3260492782303887,1.0,5.4380267832465805e-05,0.0003261611306118,-0.0008844572384887,0.0,0.0,0.0,0.0003261611306118,0.0154333687306571,-0.0081582610742013,0.0,0.0,0.0,-0.0008844572384887,-0.0081582610742013,0.0149892413133626,0.0,0.0,0.0,0.0,0.0,0.0,0.0,0.0,0.0,0.0,0.0,0.0,0.0,0.0,0.0,0.0,0.0,0.0,0.0,0.0,0.0,0,0,0,0,64,,121
7.300433266,0,1735643777088230371,map,0.9686855859792936,-0.2198220327148616,0.0263057762110945,-0.4868043002639265,0.4853796447792881,-0.4975364470618942,0.5290422076956691,0.0,0.0,0.0,1,0.0395996384322643,0,1735643777088253974,map,0.9546620858019976,-0.2527237916477531,0.1497183454759004,-0.4938204391753904,0.4938522611762984,-0.4991015336957906,0.5129804840792594,0.0,0.0,0.0,16,0.3340981602668762,0,1735643777088270664,map,0.978426672563627,0.0603524484743386,0.0264876495077823,-0.4944561408187224,0.4927503703067199,-0.4915463198544192,0.5206653558734474,0.0,0.0,0.0,17,0.0061440588906407,0,1735643777088284730,map,0.9508154462245386,-0.2518461213441298,0.235197432679893,-0.4725846914395465,0.4983323931476651,-0.5098365326535661,0.5180687650577857,0.0,0.0,0.0,121,0.7469589710235596,0,1735643777088297367,map,1.007368762951138,0.2169939345674896,0.24357165922221,0.5008478297488924,-0.4977539028642904,0.5015211311773086,-0.4998690414516824,0.0,0.0,0.0,122,1.7467415091232397e-05,0,1735643777088310956,map,0.9985503126868988,0.2115563670945177,0.1443768079644663,-0.4773208762087606,0.5045877352598916,-0.4935438432231561,0.5234218885154791,0.0,0.0,0.0,124,8.10500787338242e-05,0,1735643777088322877,map,0.9573738441657234,-0.0228719067569191,0.23883940883244,-0.4979099747821765,0.5117516424367803,-0.5006138777952309,0.4894707946696022,0.0,0.0,0.0,125,0.0498206280171871,0,1735643777088343858,map,0.9612580864986824,-0.0177507944115982,0.142591503002855,0.5063736955984447,-0.4979951448216224,0.500738582411076,-0.4948205616433202,0.0,0.0,0.0,126,0.0535667836666107,0,1735644242188269615,map,0.9732822750558732,0.3275442375301803,0.0286218994455381,-0.4885997207751324,0.4936496137383498,-0.4935551660051538,0.5234344943009255,0.0,0.0,0.0,0,1.3534395293390844e-06,0.9296938885533332,-0.3168831211067796,0.3260492782303887,1.0,5.4380267832465805e-05,0.0003261611306118,-0.0008844572384887,0.0,0.0,0.0,0.0003261611306118,0.0154333687306571,-0.0081582610742013,0.0,0.0,0.0,-0.0008844572384887,-0.0081582610742013,0.0149892413133626,0.0,0.0,0.0,0.0,0.0,0.0,0.0,0.0,0.0,0.0,0.0,0.0,0.0,0.0,0.0,0.0,0.0,0.0,0.0,0.0,0.0,0,0,0,0,64,,121
7.400697695,0,1735643777088230371,map,0.9686855859792936,-0.2198220327148616,0.0263057762110945,-0.4868043002639265,0.4853796447792881,-0.4975364470618942,0.5290422076956691,0.0,0.0,0.0,1,0.0395996384322643,0,1735643777088253974,map,0.9546620858019976,-0.2527237916477531,0.1497183454759004,-0.4938204391753904,0.4938522611762984,-0.4991015336957906,0.5129804840792594,0.0,0.0,0.0,16,0.3340981602668762,0,1735643777088270664,map,0.978426672563627,0.0603524484743386,0.0264876495077823,-0.4944561408187224,0.4927503703067199,-0.4915463198544192,0.5206653558734474,0.0,0.0,0.0,17,0.0061440588906407,0,1735643777088284730,map,0.9508154462245386,-0.2518461213441298,0.235197432679893,-0.4725846914395465,0.4983323931476651,-0.5098365326535661,0.5180687650577857,0.0,0.0,0.0,121,0.7469589710235596,0,1735643777088297367,map,1.007368762951138,0.2169939345674896,0.24357165922221,0.5008478297488924,-0.4977539028642904,0.5015211311773086,-0.4998690414516824,0.0,0.0,0.0,122,1.7467415091232397e-05,0,1735643777088310956,map,0.9985503126868988,0.2115563670945177,0.1443768079644663,-0.4773208762087606,0.5045877352598916,-0.4935438432231561,0.5234218885154791,0.0,0.0,0.0,124,8.10500787338242e-05,0,1735643777088322877,map,0.9573738441657234,-0.0228719067569191,0.23883940883244,-0.4979099747821765,0.5117516424367803,-0.5006138777952309,0.4894707946696022,0.0,0.0,0.0,125,0.0498206280171871,0,1735643777088343858,map,0.9612580864986824,-0.0177507944115982,0.142591503002855,0.5063736955984447,-0.4979951448216224,0.500738582411076,-0.4948205616433202,0.0,0.0,0.0,126,0.0535667836666107,0,1735644242188269615,map,0.9732822750558732,0.3275442375301803,0.0286218994455381,-0.4885997207751324,0.4936496137383498,-0.4935551660051538,0.5234344943009255,0.0,0.0,0.0,0,1.3534395293390844e-06,0.9296938885533332,-0.3168831211067796,0.3260492782303887,1.0,5.4380267832465805e-05,0.0003261611306118,-0.0008844572384887,0.0,0.0,0.0,0.0003261611306118,0.0154333687306571,-0.0081582610742013,0.0,0.0,0.0,-0.0008844572384887,-0.0081582610742013,0.0149892413133626,0.0,0.0,0.0,0.0,0.0,0.0,0.0,0.0,0.0,0.0,0.0,0.0,0.0,0.0,0.0,0.0,0.0,0.0,0.0,0.0,0.0,0,0,0,0,64,,121
7.498977057,0,1735643777088230371,map,0.9686855859792936,-0.2198220327148616,0.0263057762110945,-0.4868043002639265,0.4853796447792881,-0.4975364470618942,0.5290422076956691,0.0,0.0,0.0,1,0.0395996384322643,0,1735643777088253974,map,0.9546620858019976,-0.2527237916477531,0.1497183454759004,-0.4938204391753904,0.4938522611762984,-0.4991015336957906,0.5129804840792594,0.0,0.0,0.0,16,0.3340981602668762,0,1735643777088270664,map,0.978426672563627,0.0603524484743386,0.0264876495077823,-0.4944561408187224,0.4927503703067199,-0.4915463198544192,0.5206653558734474,0.0,0.0,0.0,17,0.0061440588906407,0,1735643777088284730,map,0.9508154462245386,-0.2518461213441298,0.235197432679893,-0.4725846914395465,0.4983323931476651,-0.5098365326535661,0.5180687650577857,0.0,0.0,0.0,121,0.7469589710235596,0,1735643777088297367,map,1.007368762951138,0.2169939345674896,0.24357165922221,0.5008478297488924,-0.4977539028642904,0.5015211311773086,-0.4998690414516824,0.0,0.0,0.0,122,1.7467415091232397e-05,0,1735643777088310956,map,0.9985503126868988,0.2115563670945177,0.1443768079644663,-0.4773208762087606,0.5045877352598916,-0.4935438432231561,0.5234218885154791,0.0,0.0,0.0,124,8.10500787338242e-05,0,1735643777088322877,map,0.9573738441657234,-0.0228719067569191,0.23883940883244,-0.4979099747821765,0.5117516424367803,-0.5006138777952309,0.4894707946696022,0.0,0.0,0.0,125,0.0498206280171871,0,1735643777088343858,map,0.9612580864986824,-0.0177507944115982,0.142591503002855,0.5063736955984447,-0.4979951448216224,0.500738582411076,-0.4948205616433202,0.0,0.0,0.0,126,0.0535667836666107,0,1735644242188269615,map,0.9732822750558732,0.3275442375301803,0.0286218994455381,-0.4885997207751324,0.4936496137383498,-0.4935551660051538,0.5234344943009255,0.0,0.0,0.0,0,1.3534395293390844e-06,0.9296938885533332,-0.3168831211067796,0.3260492782303887,1.0,5.4380267832465805e-05,0.0003261611306118,-0.0008844572384887,0.0,0.0,0.0,0.0003261611306118,0.0154333687306571,-0.0081582610742013,0.0,0.0,0.0,-0.0008844572384887,-0.0081582610742013,0.0149892413133626,0.0,0.0,0.0,0.0,0.0,0.0,0.0,0.0,0.0,0.0,0.0,0.0,0.0,0.0,0.0,0.0,0.0,0.0,0.0,0.0,0.0,0,0,0,0,64,,121
7.600218254,0,1735643777088230371,map,0.9686855859792936,-0.2198220327148616,0.0263057762110945,-0.4868043002639265,0.4853796447792881,-0.4975364470618942,0.5290422076956691,0.0,0.0,0.0,1,0.0395996384322643,0,1735643777088253974,map,0.9546620858019976,-0.2527237916477531,0.1497183454759004,-0.4938204391753904,0.4938522611762984,-0.4991015336957906,0.5129804840792594,0.0,0.0,0.0,16,0.3340981602668762,0,1735643777088270664,map,0.978426672563627,0.0603524484743386,0.0264876495077823,-0.4944561408187224,0.4927503703067199,-0.4915463198544192,0.5206653558734474,0.0,0.0,0.0,17,0.0061440588906407,0,1735643777088284730,map,0.9508154462245386,-0.2518461213441298,0.235197432679893,-0.4725846914395465,0.4983323931476651,-0.5098365326535661,0.5180687650577857,0.0,0.0,0.0,121,0.7469589710235596,0,1735643777088297367,map,1.007368762951138,0.2169939345674896,0.24357165922221,0.5008478297488924,-0.4977539028642904,0.5015211311773086,-0.4998690414516824,0.0,0.0,0.0,122,1.7467415091232397e-05,0,1735643777088310956,map,0.9985503126868988,0.2115563670945177,0.1443768079644663,-0.4773208762087606,0.5045877352598916,-0.4935438432231561,0.5234218885154791,0.0,0.0,0.0,124,8.10500787338242e-05,0,1735643777088322877,map,0.9573738441657234,-0.0228719067569191,0.23883940883244,-0.4979099747821765,0.5117516424367803,-0.5006138777952309,0.4894707946696022,0.0,0.0,0.0,125,0.0498206280171871,0,1735643777088343858,map,0.9612580864986824,-0.0177507944115982,0.142591503002855,0.5063736955984447,-0.4979951448216224,0.500738582411076,-0.4948205616433202,0.0,0.0,0.0,126,0.0535667836666107,0,1735644242188269615,map,0.9732822750558732,0.3275442375301803,0.0286218994455381,-0.4885997207751324,0.4936496137383498,-0.4935551660051538,0.5234344943009255,0.0,0.0,0.0,0,1.3534395293390844e-06,0.9296938885533332,-0.3168831211067796,0.3260492782303887,1.0,5.4380267832465805e-05,0.0003261611306118,-0.0008844572384887,0.0,0.0,0.0,0.0003261611306118,0.0154333687306571,-0.0081582610742013,0.0,0.0,0.0,-0.0008844572384887,-0.0081582610742013,0.0149892413133626,0.0,0.0,0.0,0.0,0.0,0.0,0.0,0.0,0.0,0.0,0.0,0.0,0.0,0.0,0.0,0.0,0.0,0.0,0.0,0.0,0.0,0,0,0,0,64,,121
7.700357887,0,1735643777088230371,map,0.9686855859792936,-0.2198220327148616,0.0263057762110945,-0.4868043002639265,0.4853796447792881,-0.4975364470618942,0.5290422076956691,0.0,0.0,0.0,1,0.0395996384322643,0,1735643777088253974,map,0.9546620858019976,-0.2527237916477531,0.1497183454759004,-0.4938204391753904,0.4938522611762984,-0.4991015336957906,0.5129804840792594,0.0,0.0,0.0,16,0.3340981602668762,0,1735643777088270664,map,0.978426672563627,0.0603524484743386,0.0264876495077823,-0.4944561408187224,0.4927503703067199,-0.4915463198544192,0.5206653558734474,0.0,0.0,0.0,17,0.0061440588906407,0,1735643777088284730,map,0.9508154462245386,-0.2518461213441298,0.235197432679893,-0.4725846914395465,0.4983323931476651,-0.5098365326535661,0.5180687650577857,0.0,0.0,0.0,121,0.7469589710235596,0,1735643777088297367,map,1.007368762951138,0.2169939345674896,0.24357165922221,0.5008478297488924,-0.4977539028642904,0.5015211311773086,-0.4998690414516824,0.0,0.0,0.0,122,1.7467415091232397e-05,0,1735643777088310956,map,0.9985503126868988,0.2115563670945177,0.1443768079644663,-0.4773208762087606,0.5045877352598916,-0.4935438432231561,0.5234218885154791,0.0,0.0,0.0,124,8.10500787338242e-05,0,1735643777088322877,map,0.9573738441657234,-0.0228719067569191,0.23883940883244,-0.4979099747821765,0.5117516424367803,-0.5006138777952309,0.4894707946696022,0.0,0.0,0.0,125,0.0498206280171871,0,1735643777088343858,map,0.9612580864986824,-0.0177507944115982,0.142591503002855,0.5063736955984447,-0.4979951448216224,0.500738582411076,-0.4948205616433202,0.0,0.0,0.0,126,0.0535667836666107,0,1735644242188269615,map,0.9732822750558732,0.3275442375301803,0.0286218994455381,-0.4885997207751324,0.4936496137383498,-0.4935551660051538,0.5234344943009255,0.0,0.0,0.0,0,1.3534395293390844e-06,0.9296938885533332,-0.3168831211067796,0.3260492782303887,1.0,5.4380267832465805e-05,0.0003261611306118,-0.0008844572384887,0.0,0.0,0.0,0.0003261611306118,0.0154333687306571,-0.0081582610742013,0.0,0.0,0.0,-0.0008844572384887,-0.0081582610742013,0.0149892413133626,0.0,0.0,0.0,0.0,0.0,0.0,0.0,0.0,0.0,0.0,0.0,0.0,0.0,0.0,0.0,0.0,0.0,0.0,0.0,0.0,0.0,0,0,0,0,64,,121
7.800898109,0,1735643777088230371,map,0.9686855859792936,-0.2198220327148616,0.0263057762110945,-0.4868043002639265,0.4853796447792881,-0.4975364470618942,0.5290422076956691,0.0,0.0,0.0,1,0.0395996384322643,0,1735643777088253974,map,0.9546620858019976,-0.2527237916477531,0.1497183454759004,-0.4938204391753904,0.4938522611762984,-0.4991015336957906,0.5129804840792594,0.0,0.0,0.0,16,0.3340981602668762,0,1735643777088270664,map,0.978426672563627,0.0603524484743386,0.0264876495077823,-0.4944561408187224,0.4927503703067199,-0.4915463198544192,0.5206653558734474,0.0,0.0,0.0,17,0.0061440588906407,0,1735643777088284730,map,0.9508154462245386,-0.2518461213441298,0.235197432679893,-0.4725846914395465,0.4983323931476651,-0.5098365326535661,0.5180687650577857,0.0,0.0,0.0,121,0.7469589710235596,0,1735643777088297367,map,1.007368762951138,0.2169939345674896,0.24357165922221,0.5008478297488924,-0.4977539028642904,0.5015211311773086,-0.4998690414516824,0.0,0.0,0.0,122,1.7467415091232397e-05,0,1735643777088310956,map,0.9985503126868988,0.2115563670945177,0.1443768079644663,-0.4773208762087606,0.5045877352598916,-0.4935438432231561,0.5234218885154791,0.0,0.0,0.0,124,8.10500787338242e-05,0,1735643777088322877,map,0.9573738441657234,-0.0228719067569191,0.23883940883244,-0.4979099747821765,0.5117516424367803,-0.5006138777952309,0.4894707946696022,0.0,0.0,0.0,125,0.0498206280171871,0,1735643777088343858,map,0.9612580864986824,-0.0177507944115982,0.142591503002855,0.5063736955984447,-0.4979951448216224,0.500738582411076,-0.4948205616433202,0.0,0.0,0.0,126,0.0535667836666107,0,1735644242188269615,map,0.9732822750558732,0.3275442375301803,0.0286218994455381,-0.4885997207751324,0.4936496137383498,-0.4935551660051538,0.5234344943009255,0.0,0.0,0.0,0,1.3534395293390844e-06,0.9296938885533332,-0.3168831211067796,0.3260492782303887,1.0,5.4380267832465805e-05,0.0003261611306118,-0.0008844572384887,0.0,0.0,0.0,0.0003261611306118,0.0154333687306571,-0.0081582610742013,0.0,0.0,0.0,-0.0008844572384887,-0.0081582610742013,0.0149892413133626,0.0,0.0,0.0,0.0,0.0,0.0,0.0,0.0,0.0,0.0,0.0,0.0,0.0,0.0,0.0,0.0,0.0,0.0,0.0,0.0,0.0,0,0,0,0,64,,121
7.900676418,0,1735643777088230371,map,0.9686855859792936,-0.2198220327148616,0.0263057762110945,-0.4868043002639265,0.4853796447792881,-0.4975364470618942,0.5290422076956691,0.0,0.0,0.0,1,0.0395996384322643,0,1735643777088253974,map,0.9546620858019976,-0.2527237916477531,0.1497183454759004,-0.4938204391753904,0.4938522611762984,-0.4991015336957906,0.5129804840792594,0.0,0.0,0.0,16,0.3340981602668762,0,1735643777088270664,map,0.978426672563627,0.0603524484743386,0.0264876495077823,-0.4944561408187224,0.4927503703067199,-0.4915463198544192,0.5206653558734474,0.0,0.0,0.0,17,0.0061440588906407,0,1735643777088284730,map,0.9508154462245386,-0.2518461213441298,0.235197432679893,-0.4725846914395465,0.4983323931476651,-0.5098365326535661,0.5180687650577857,0.0,0.0,0.0,121,0.7469589710235596,0,1735643777088297367,map,1.007368762951138,0.2169939345674896,0.24357165922221,0.5008478297488924,-0.4977539028642904,0.5015211311773086,-0.4998690414516824,0.0,0.0,0.0,122,1.7467415091232397e-05,0,1735643777088310956,map,0.9985503126868988,0.2115563670945177,0.1443768079644663,-0.4773208762087606,0.5045877352598916,-0.4935438432231561,0.5234218885154791,0.0,0.0,0.0,124,8.10500787338242e-05,0,1735643777088322877,map,0.9573738441657234,-0.0228719067569191,0.23883940883244,-0.4979099747821765,0.5117516424367803,-0.5006138777952309,0.4894707946696022,0.0,0.0,0.0,125,0.0498206280171871,0,1735643777088343858,map,0.9612580864986824,-0.0177507944115982,0.142591503002855,0.5063736955984447,-0.4979951448216224,0.500738582411076,-0.4948205616433202,0.0,0.0,0.0,126,0.0535667836666107,0,1735644242188269615,map,0.9732822750558732,0.3275442375301803,0.0286218994455381,-0.4885997207751324,0.4936496137383498,-0.4935551660051538,0.5234344943009255,0.0,0.0,0.0,0,1.3534395293390844e-06,0.9296938885533332,-0.3168831211067796,0.3260492782303887,1.0,5.4380267832465805e-05,0.0003261611306118,-0.0008844572384887,0.0,0.0,0.0,0.0003261611306118,0.0154333687306571,-0.0081582610742013,0.0,0.0,0.0,-0.0008844572384887,-0.0081582610742013,0.0149892413133626,0.0,0.0,0.0,0.0,0.0,0.0,0.0,0.0,0.0,0.0,0.0,0.0,0.0,0.0,0.0,0.0,0.0,0.0,0.0,0.0,0.0,0,0,0,0,64,,121
8.001578523,0,1735643777088230371,map,0.9686855859792936,-0.2198220327148616,0.0263057762110945,-0.4868043002639265,0.4853796447792881,-0.4975364470618942,0.5290422076956691,0.0,0.0,0.0,1,0.0395996384322643,0,1735643777088253974,map,0.9546620858019976,-0.2527237916477531,0.1497183454759004,-0.4938204391753904,0.4938522611762984,-0.4991015336957906,0.5129804840792594,0.0,0.0,0.0,16,0.3340981602668762,0,1735643777088270664,map,0.978426672563627,0.0603524484743386,0.0264876495077823,-0.4944561408187224,0.4927503703067199,-0.4915463198544192,0.5206653558734474,0.0,0.0,0.0,17,0.0061440588906407,0,1735643777088284730,map,0.9508154462245386,-0.2518461213441298,0.235197432679893,-0.4725846914395465,0.4983323931476651,-0.5098365326535661,0.5180687650577857,0.0,0.0,0.0,121,0.7469589710235596,0,1735643777088297367,map,1.007368762951138,0.2169939345674896,0.24357165922221,0.5008478297488924,-0.4977539028642904,0.5015211311773086,-0.4998690414516824,0.0,0.0,0.0,122,1.7467415091232397e-05,0,1735643777088310956,map,0.9985503126868988,0.2115563670945177,0.1443768079644663,-0.4773208762087606,0.5045877352598916,-0.4935438432231561,0.5234218885154791,0.0,0.0,0.0,124,8.10500787338242e-05,0,1735643777088322877,map,0.9573738441657234,-0.0228719067569191,0.23883940883244,-0.4979099747821765,0.5117516424367803,-0.5006138777952309,0.4894707946696022,0.0,0.0,0.0,125,0.0498206280171871,0,1735643777088343858,map,0.9612580864986824,-0.0177507944115982,0.142591503002855,0.5063736955984447,-0.4979951448216224,0.500738582411076,-0.4948205616433202,0.0,0.0,0.0,126,0.0535667836666107,0,1735644242188269615,map,0.9732822750558732,0.3275442375301803,0.0286218994455381,-0.4885997207751324,0.4936496137383498,-0.4935551660051538,0.5234344943009255,0.0,0.0,0.0,0,1.3534395293390844e-06,0.9296938885533332,-0.3168831211067796,0.3260492782303887,1.0,5.4380267832465805e-05,0.0003261611306118,-0.0008844572384887,0.0,0.0,0.0,0.0003261611306118,0.0154333687306571,-0.0081582610742013,0.0,0.0,0.0,-0.0008844572384887,-0.0081582610742013,0.0149892413133626,0.0,0.0,0.0,0.0,0.0,0.0,0.0,0.0,0.0,0.0,0.0,0.0,0.0,0.0,0.0,0.0,0.0,0.0,0.0,0.0,0.0,0,0,0,0,64,,121
8.100767257,0,1735643777088230371,map,0.9686855859792936,-0.2198220327148616,0.0263057762110945,-0.4868043002639265,0.4853796447792881,-0.4975364470618942,0.5290422076956691,0.0,0.0,0.0,1,0.0395996384322643,0,1735643777088253974,map,0.9546620858019976,-0.2527237916477531,0.1497183454759004,-0.4938204391753904,0.4938522611762984,-0.4991015336957906,0.5129804840792594,0.0,0.0,0.0,16,0.3340981602668762,0,1735643777088270664,map,0.978426672563627,0.0603524484743386,0.0264876495077823,-0.4944561408187224,0.4927503703067199,-0.4915463198544192,0.5206653558734474,0.0,0.0,0.0,17,0.0061440588906407,0,1735643777088284730,map,0.9508154462245386,-0.2518461213441298,0.235197432679893,-0.4725846914395465,0.4983323931476651,-0.5098365326535661,0.5180687650577857,0.0,0.0,0.0,121,0.7469589710235596,0,1735643777088297367,map,1.007368762951138,0.2169939345674896,0.24357165922221,0.5008478297488924,-0.4977539028642904,0.5015211311773086,-0.4998690414516824,0.0,0.0,0.0,122,1.7467415091232397e-05,0,1735643777088310956,map,0.9985503126868988,0.2115563670945177,0.1443768079644663,-0.4773208762087606,0.5045877352598916,-0.4935438432231561,0.5234218885154791,0.0,0.0,0.0,124,8.10500787338242e-05,0,1735643777088322877,map,0.9573738441657234,-0.0228719067569191,0.23883940883244,-0.4979099747821765,0.5117516424367803,-0.5006138777952309,0.4894707946696022,0.0,0.0,0.0,125,0.0498206280171871,0,1735643777088343858,map,0.9612580864986824,-0.0177507944115982,0.142591503002855,0.5063736955984447,-0.4979951448216224,0.500738582411076,-0.4948205616433202,0.0,0.0,0.0,126,0.0535667836666107,0,1735644242188269615,map,0.9732822750558732,0.3275442375301803,0.0286218994455381,-0.4885997207751324,0.4936496137383498,-0.4935551660051538,0.5234344943009255,0.0,0.0,0.0,0,1.3534395293390844e-06,0.9296938885533332,-0.3168831211067796,0.3260492782303887,1.0,5.4380267832465805e-05,0.0003261611306118,-0.0008844572384887,0.0,0.0,0.0,0.0003261611306118,0.0154333687306571,-0.0081582610742013,0.0,0.0,0.0,-0.0008844572384887,-0.0081582610742013,0.0149892413133626,0.0,0.0,0.0,0.0,0.0,0.0,0.0,0.0,0.0,0.0,0.0,0.0,0.0,0.0,0.0,0.0,0.0,0.0,0.0,0.0,0.0,0,0,0,0,64,,121
8.201510052,0,1735643777088230371,map,0.9686855859792936,-0.2198220327148616,0.0263057762110945,-0.4868043002639265,0.4853796447792881,-0.4975364470618942,0.5290422076956691,0.0,0.0,0.0,1,0.0395996384322643,0,1735643777088253974,map,0.9546620858019976,-0.2527237916477531,0.1497183454759004,-0.4938204391753904,0.4938522611762984,-0.4991015336957906,0.5129804840792594,0.0,0.0,0.0,16,0.3340981602668762,0,1735643777088270664,map,0.978426672563627,0.0603524484743386,0.0264876495077823,-0.4944561408187224,0.4927503703067199,-0.4915463198544192,0.5206653558734474,0.0,0.0,0.0,17,0.0061440588906407,0,1735643777088284730,map,0.9508154462245386,-0.2518461213441298,0.235197432679893,-0.4725846914395465,0.4983323931476651,-0.5098365326535661,0.5180687650577857,0.0,0.0,0.0,121,0.7469589710235596,0,1735643777088297367,map,1.007368762951138,0.2169939345674896,0.24357165922221,0.5008478297488924,-0.4977539028642904,0.5015211311773086,-0.4998690414516824,0.0,0.0,0.0,122,1.7467415091232397e-05,0,1735643777088310956,map,0.9985503126868988,0.2115563670945177,0.1443768079644663,-0.4773208762087606,0.5045877352598916,-0.4935438432231561,0.5234218885154791,0.0,0.0,0.0,124,8.10500787338242e-05,0,1735643777088322877,map,0.9573738441657234,-0.0228719067569191,0.23883940883244,-0.4979099747821765,0.5117516424367803,-0.5006138777952309,0.4894707946696022,0.0,0.0,0.0,125,0.0498206280171871,0,1735643777088343858,map,0.9612580864986824,-0.0177507944115982,0.142591503002855,0.5063736955984447,-0.4979951448216224,0.500738582411076,-0.4948205616433202,0.0,0.0,0.0,126,0.0535667836666107,0,1735644242188269615,map,0.9732822750558732,0.3275442375301803,0.0286218994455381,-0.4885997207751324,0.4936496137383498,-0.4935551660051538,0.5234344943009255,0.0,0.0,0.0,0,1.3534395293390844e-06,0.9296938885533332,-0.3168831211067796,0.3260492782303887,1.0,5.4380267832465805e-05,0.0003261611306118,-0.0008844572384887,0.0,0.0,0.0,0.0003261611306118,0.0154333687306571,-0.0081582610742013,0.0,0.0,0.0,-0.0008844572384887,-0.0081582610742013,0.0149892413133626,0.0,0.0,0.0,0.0,0.0,0.0,0.0,0.0,0.0,0.0,0.0,0.0,0.0,0.0,0.0,0.0,0.0,0.0,0.0,0.0,0.0,0,0,0,0,64,,121
8.301047414,0,1735643777088230371,map,0.9686855859792936,-0.2198220327148616,0.0263057762110945,-0.4868043002639265,0.4853796447792881,-0.4975364470618942,0.5290422076956691,0.0,0.0,0.0,1,0.0395996384322643,0,1735643777088253974,map,0.9546620858019976,-0.2527237916477531,0.1497183454759004,-0.4938204391753904,0.4938522611762984,-0.4991015336957906,0.5129804840792594,0.0,0.0,0.0,16,0.3340981602668762,0,1735643777088270664,map,0.978426672563627,0.0603524484743386,0.0264876495077823,-0.4944561408187224,0.4927503703067199,-0.4915463198544192,0.5206653558734474,0.0,0.0,0.0,17,0.0061440588906407,0,1735643777088284730,map,0.9508154462245386,-0.2518461213441298,0.235197432679893,-0.4725846914395465,0.4983323931476651,-0.5098365326535661,0.5180687650577857,0.0,0.0,0.0,121,0.7469589710235596,0,1735643777088297367,map,1.007368762951138,0.2169939345674896,0.24357165922221,0.5008478297488924,-0.4977539028642904,0.5015211311773086,-0.4998690414516824,0.0,0.0,0.0,122,1.7467415091232397e-05,0,1735643777088310956,map,0.9985503126868988,0.2115563670945177,0.1443768079644663,-0.4773208762087606,0.5045877352598916,-0.4935438432231561,0.5234218885154791,0.0,0.0,0.0,124,8.10500787338242e-05,0,1735643777088322877,map,0.9573738441657234,-0.0228719067569191,0.23883940883244,-0.4979099747821765,0.5117516424367803,-0.5006138777952309,0.4894707946696022,0.0,0.0,0.0,125,0.0498206280171871,0,1735643777088343858,map,0.9612580864986824,-0.0177507944115982,0.142591503002855,0.5063736955984447,-0.4979951448216224,0.500738582411076,-0.4948205616433202,0.0,0.0,0.0,126,0.0535667836666107,0,1735644242188269615,map,0.9732822750558732,0.3275442375301803,0.0286218994455381,-0.4885997207751324,0.4936496137383498,-0.4935551660051538,0.5234344943009255,0.0,0.0,0.0,0,1.3534395293390844e-06,0.9296938885533332,-0.3168831211067796,0.3260492782303887,1.0,5.4380267832465805e-05,0.0003261611306118,-0.0008844572384887,0.0,0.0,0.0,0.0003261611306118,0.0154333687306571,-0.0081582610742013,0.0,0.0,0.0,-0.0008844572384887,-0.0081582610742013,0.0149892413133626,0.0,0.0,0.0,0.0,0.0,0.0,0.0,0.0,0.0,0.0,0.0,0.0,0.0,0.0,0.0,0.0,0.0,0.0,0.0,0.0,0.0,0,0,0,0,64,,121
8.401121444,0,1735643777088230371,map,0.9686855859792936,-0.2198220327148616,0.0263057762110945,-0.4868043002639265,0.4853796447792881,-0.4975364470618942,0.5290422076956691,0.0,0.0,0.0,1,0.0395996384322643,0,1735643777088253974,map,0.9546620858019976,-0.2527237916477531,0.1497183454759004,-0.4938204391753904,0.4938522611762984,-0.4991015336957906,0.5129804840792594,0.0,0.0,0.0,16,0.3340981602668762,0,1735643777088270664,map,0.978426672563627,0.0603524484743386,0.0264876495077823,-0.4944561408187224,0.4927503703067199,-0.4915463198544192,0.5206653558734474,0.0,0.0,0.0,17,0.0061440588906407,0,1735643777088284730,map,0.9508154462245386,-0.2518461213441298,0.235197432679893,-0.4725846914395465,0.4983323931476651,-0.5098365326535661,0.5180687650577857,0.0,0.0,0.0,121,0.7469589710235596,0,1735643777088297367,map,1.007368762951138,0.2169939345674896,0.24357165922221,0.5008478297488924,-0.4977539028642904,0.5015211311773086,-0.4998690414516824,0.0,0.0,0.0,122,1.7467415091232397e-05,0,1735643777088310956,map,0.9985503126868988,0.2115563670945177,0.1443768079644663,-0.4773208762087606,0.5045877352598916,-0.4935438432231561,0.5234218885154791,0.0,0.0,0.0,124,8.10500787338242e-05,0,1735643777088322877,map,0.9573738441657234,-0.0228719067569191,0.23883940883244,-0.4979099747821765,0.5117516424367803,-0.5006138777952309,0.4894707946696022,0.0,0.0,0.0,125,0.0498206280171871,0,1735643777088343858,map,0.9612580864986824,-0.0177507944115982,0.142591503002855,0.5063736955984447,-0.4979951448216224,0.500738582411076,-0.4948205616433202,0.0,0.0,0.0,126,0.0535667836666107,0,1735644242188269615,map,0.9732822750558732,0.3275442375301803,0.0286218994455381,-0.4885997207751324,0.4936496137383498,-0.4935551660051538,0.5234344943009255,0.0,0.0,0.0,0,1.3534395293390844e-06,0.9296938885533332,-0.3168831211067796,0.3260492782303887,1.0,5.4380267832465805e-05,0.0003261611306118,-0.0008844572384887,0.0,0.0,0.0,0.0003261611306118,0.0154333687306571,-0.0081582610742013,0.0,0.0,0.0,-0.0008844572384887,-0.0081582610742013,0.0149892413133626,0.0,0.0,0.0,0.0,0.0,0.0,0.0,0.0,0.0,0.0,0.0,0.0,0.0,0.0,0.0,0.0,0.0,0.0,0.0,0.0,0.0,0,0,0,0,64,,121
8.500782871,0,1735643777088230371,map,0.9686855859792936,-0.2198220327148616,0.0263057762110945,-0.4868043002639265,0.4853796447792881,-0.4975364470618942,0.5290422076956691,0.0,0.0,0.0,1,0.0395996384322643,0,1735643777088253974,map,0.9546620858019976,-0.2527237916477531,0.1497183454759004,-0.4938204391753904,0.4938522611762984,-0.4991015336957906,0.5129804840792594,0.0,0.0,0.0,16,0.3340981602668762,0,1735643777088270664,map,0.978426672563627,0.0603524484743386,0.0264876495077823,-0.4944561408187224,0.4927503703067199,-0.4915463198544192,0.5206653558734474,0.0,0.0,0.0,17,0.0061440588906407,0,1735643777088284730,map,0.9508154462245386,-0.2518461213441298,0.235197432679893,-0.4725846914395465,0.4983323931476651,-0.5098365326535661,0.5180687650577857,0.0,0.0,0.0,121,0.7469589710235596,0,1735643777088297367,map,1.007368762951138,0.2169939345674896,0.24357165922221,0.5008478297488924,-0.4977539028642904,0.5015211311773086,-0.4998690414516824,0.0,0.0,0.0,122,1.7467415091232397e-05,0,1735643777088310956,map,0.9985503126868988,0.2115563670945177,0.1443768079644663,-0.4773208762087606,0.5045877352598916,-0.4935438432231561,0.5234218885154791,0.0,0.0,0.0,124,8.10500787338242e-05,0,1735643777088322877,map,0.9573738441657234,-0.0228719067569191,0.23883940883244,-0.4979099747821765,0.5117516424367803,-0.5006138777952309,0.4894707946696022,0.0,0.0,0.0,125,0.0498206280171871,0,1735643777088343858,map,0.9612580864986824,-0.0177507944115982,0.142591503002855,0.5063736955984447,-0.4979951448216224,0.500738582411076,-0.4948205616433202,0.0,0.0,0.0,126,0.0535667836666107,0,1735644242188269615,map,0.9732822750558732,0.3275442375301803,0.0286218994455381,-0.4885997207751324,0.4936496137383498,-0.4935551660051538,0.5234344943009255,0.0,0.0,0.0,0,1.3534395293390844e-06,0.9296938885533332,-0.3168831211067796,0.3260492782303887,1.0,5.4380267832465805e-05,0.0003261611306118,-0.0008844572384887,0.0,0.0,0.0,0.0003261611306118,0.0154333687306571,-0.0081582610742013,0.0,0.0,0.0,-0.0008844572384887,-0.0081582610742013,0.0149892413133626,0.0,0.0,0.0,0.0,0.0,0.0,0.0,0.0,0.0,0.0,0.0,0.0,0.0,0.0,0.0,0.0,0.0,0.0,0.0,0.0,0.0,0,0,0,0,64,,121
